# m  n  i  j   cov_mnij  corr_mnij  icov_mnij  I_mnij  mu_mnij
  7.000    7.000    0.020    0.020   6.573e+03   1.000e+00   1.521e-04   1.000e+00   7.404e-01
  7.000    7.000    0.020    0.033   1.969e+01   4.895e-03  -1.216e-06  -2.871e-19   7.468e-01
  7.000    7.000    0.020    0.054  -6.309e-01  -2.588e-04   9.901e-08   3.762e-20   7.379e-01
  7.000    7.000    0.020    0.090  -3.752e+00  -2.531e-03   1.663e-06   6.336e-19   7.430e-01
  7.000    7.000    0.020    0.149  -1.779e+00  -1.950e-03   2.064e-06   2.123e-18   7.460e-01
  7.000    7.000    0.020    0.246   6.304e-01   1.136e-03  -1.877e-06   1.655e-18   7.442e-01
  7.000    7.000    0.020    0.407   2.789e-01   7.734e-04  -2.303e-06  -8.916e-19   7.454e-01
  7.000    7.000    0.020    0.672   5.701e-02   2.046e-04  -1.597e-06  -2.907e-19   7.465e-01
  7.000    7.000    0.020    1.110  -3.804e-01  -1.152e-03   9.261e-06   1.323e-17   7.456e-01
  7.000    7.000    0.020    1.835   1.873e-01   3.654e-04  -5.891e-06  -1.857e-18   7.428e-01
  7.000    7.000    0.020    3.033  -8.140e-01  -7.614e-04   1.445e-06  -5.175e-19   7.514e-01
  7.000    7.000    0.033    0.020   1.969e+01   4.895e-03  -1.216e-06  -9.141e-20   7.468e-01
  7.000    7.000    0.033    0.033   2.462e+03   1.000e+00   4.061e-04   1.000e+00   7.408e-01
  7.000    7.000    0.033    0.054  -3.988e-02  -2.672e-05   7.295e-09   9.162e-21   7.472e-01
  7.000    7.000    0.033    0.090  -9.597e-03  -1.058e-05  -4.080e-08  -1.681e-22   7.440e-01
  7.000    7.000    0.033    0.149  -3.781e-01  -6.771e-04   1.164e-06   6.229e-19   7.443e-01
  7.000    7.000    0.033    0.246   4.307e-01   1.268e-03  -3.778e-06  -4.362e-18   7.448e-01
  7.000    7.000    0.033    0.407  -2.698e-01  -1.222e-03   4.804e-06   2.638e-18   7.456e-01
  7.000    7.000    0.033    0.672  -9.889e-02  -5.798e-04  -2.743e-06   1.492e-18   7.450e-01
  7.000    7.000    0.033    1.110  -4.615e-01  -2.283e-03   1.337e-05   8.256e-19   7.431e-01
  7.000    7.000    0.033    1.835  -3.951e-01  -1.259e-03  -1.093e-06  -1.285e-18   7.402e-01
  7.000    7.000    0.033    3.033  -1.755e-01  -2.682e-04  -4.851e-07   2.651e-19   7.400e-01
  7.000    7.000    0.054    0.020  -6.309e-01  -2.588e-04   9.901e-08   4.689e-21   7.379e-01
  7.000    7.000    0.054    0.033  -3.988e-02  -2.672e-05   7.295e-09   5.194e-21   7.472e-01
  7.000    7.000    0.054    0.054   9.045e+02   1.000e+00   1.106e-03   1.000e+00   7.433e-01
  7.000    7.000    0.054    0.090  -9.917e-01  -1.803e-03   4.089e-06  -7.475e-20   7.454e-01
  7.000    7.000    0.054    0.149   3.698e+00   1.093e-02  -3.185e-05   5.110e-19   7.474e-01
  7.000    7.000    0.054    0.246  -1.348e+00  -6.545e-03   3.274e-05  -7.551e-18   7.475e-01
  7.000    7.000    0.054    0.407  -1.553e-02  -1.161e-04   7.137e-06   5.043e-19   7.476e-01
  7.000    7.000    0.054    0.672   4.654e-01   4.502e-03  -5.008e-05  -8.303e-18   7.476e-01
  7.000    7.000    0.054    1.110   9.494e-02   7.749e-04   2.370e-05  -3.343e-18   7.459e-01
  7.000    7.000    0.054    1.835   4.213e-01   2.216e-03  -1.640e-05   3.829e-18   7.437e-01
  7.000    7.000    0.054    3.033   1.303e-01   3.286e-04   2.791e-06  -6.613e-20   7.460e-01
  7.000    7.000    0.090    0.020  -3.752e+00  -2.531e-03   1.663e-06  -1.311e-19   7.430e-01
  7.000    7.000    0.090    0.033  -9.597e-03  -1.058e-05  -4.080e-08  -2.335e-21   7.440e-01
  7.000    7.000    0.090    0.054  -9.917e-01  -1.803e-03   4.089e-06  -3.528e-19   7.454e-01
  7.000    7.000    0.090    0.090   3.344e+02   1.000e+00   2.994e-03   1.000e+00   7.443e-01
  7.000    7.000    0.090    0.149   6.038e+00   2.934e-02  -1.411e-04  -4.827e-18   7.473e-01
  7.000    7.000    0.090    0.246  -1.913e+00  -1.528e-02   1.213e-04  -2.405e-18   7.470e-01
  7.000    7.000    0.090    0.407  -4.414e-03  -5.427e-05   1.099e-05  -9.267e-20   7.475e-01
  7.000    7.000    0.090    0.672   2.395e-01   3.811e-03  -7.480e-05  -2.773e-19   7.474e-01
  7.000    7.000    0.090    1.110   7.932e-03   1.065e-04   5.820e-05  -7.890e-19   7.457e-01
  7.000    7.000    0.090    1.835   3.349e-01   2.897e-03  -3.090e-05  -1.352e-18   7.427e-01
  7.000    7.000    0.090    3.033   6.813e-01   2.826e-03  -7.003e-06  -1.987e-19   7.510e-01
  7.000    7.000    0.149    0.020  -1.779e+00  -1.950e-03   2.064e-06   1.078e-19   7.460e-01
  7.000    7.000    0.149    0.033  -3.781e-01  -6.771e-04   1.164e-06   1.841e-20   7.443e-01
  7.000    7.000    0.149    0.054   3.698e+00   1.093e-02  -3.185e-05   4.144e-19   7.474e-01
  7.000    7.000    0.149    0.090   6.038e+00   2.934e-02  -1.411e-04   7.309e-18   7.473e-01
  7.000    7.000    0.149    0.149   1.266e+02   1.000e+00   7.912e-03   1.000e+00   7.449e-01
  7.000    7.000    0.149    0.246  -1.224e+00  -1.588e-02   2.213e-04  -2.349e-18   7.473e-01
  7.000    7.000    0.149    0.407   5.466e-01   1.092e-02  -1.616e-04   3.390e-18   7.474e-01
  7.000    7.000    0.149    0.672   7.709e-01   1.993e-02  -5.927e-04   7.775e-18   7.473e-01
  7.000    7.000    0.149    1.110   9.363e-03   2.042e-04   3.435e-04   8.655e-18   7.464e-01
  7.000    7.000    0.149    1.835   5.027e-01   7.066e-03  -9.360e-05  -9.810e-19   7.439e-01
  7.000    7.000    0.149    3.033   1.068e+00   7.195e-03  -3.164e-05  -7.310e-19   7.500e-01
  7.000    7.000    0.246    0.020   6.304e-01   1.136e-03  -1.877e-06   1.214e-20   7.442e-01
  7.000    7.000    0.246    0.033   4.307e-01   1.268e-03  -3.778e-06  -3.763e-20   7.448e-01
  7.000    7.000    0.246    0.054  -1.348e+00  -6.545e-03   3.274e-05  -5.466e-19   7.475e-01
  7.000    7.000    0.246    0.090  -1.913e+00  -1.528e-02   1.213e-04  -8.520e-19   7.470e-01
  7.000    7.000    0.246    0.149  -1.224e+00  -1.588e-02   2.213e-04  -2.461e-18   7.473e-01
  7.000    7.000    0.246    0.246   4.687e+01   1.000e+00   2.146e-02   1.000e+00   7.461e-01
  7.000    7.000    0.246    0.407   5.313e-01   1.745e-02  -1.855e-04   4.210e-18   7.471e-01
  7.000    7.000    0.246    0.672   1.639e+00   6.964e-02  -3.078e-03  -1.223e-17   7.470e-01
  7.000    7.000    0.246    1.110   6.198e-01   2.222e-02   4.011e-04  -6.854e-18   7.461e-01
  7.000    7.000    0.246    1.835   1.059e+00   2.446e-02   3.382e-05   1.475e-18   7.440e-01
  7.000    7.000    0.246    3.033   1.907e+00   2.112e-02  -1.556e-04   3.027e-19   7.499e-01
  7.000    7.000    0.407    0.020   2.789e-01   7.734e-04  -2.303e-06  -1.788e-20   7.454e-01
  7.000    7.000    0.407    0.033  -2.698e-01  -1.222e-03   4.804e-06   3.762e-20   7.456e-01
  7.000    7.000    0.407    0.054  -1.553e-02  -1.161e-04   7.137e-06   8.827e-21   7.476e-01
  7.000    7.000    0.407    0.090  -4.414e-03  -5.427e-05   1.099e-05  -1.077e-20   7.475e-01
  7.000    7.000    0.407    0.149   5.466e-01   1.092e-02  -1.616e-04   5.478e-19   7.474e-01
  7.000    7.000    0.407    0.246   5.313e-01   1.745e-02  -1.855e-04  -1.565e-18   7.471e-01
  7.000    7.000    0.407    0.407   1.978e+01   1.000e+00   5.233e-02   1.000e+00   7.465e-01
  7.000    7.000    0.407    0.672   2.696e+00   1.764e-01  -1.026e-02  -4.161e-17   7.468e-01
  7.000    7.000    0.407    1.110   2.127e+00   1.174e-01  -2.280e-03  -1.852e-17   7.461e-01
  7.000    7.000    0.407    1.835   2.954e+00   1.050e-01  -6.344e-04   1.743e-17   7.445e-01
  7.000    7.000    0.407    3.033   3.244e+00   5.532e-02  -1.978e-04  -2.804e-18   7.497e-01
  7.000    7.000    0.672    0.020   5.701e-02   2.046e-04  -1.597e-06   5.099e-21   7.465e-01
  7.000    7.000    0.672    0.033  -9.889e-02  -5.798e-04  -2.743e-06   1.195e-20   7.450e-01
  7.000    7.000    0.672    0.054   4.654e-01   4.502e-03  -5.008e-05   9.714e-20   7.476e-01
  7.000    7.000    0.672    0.090   2.395e-01   3.811e-03  -7.480e-05  -2.062e-19   7.474e-01
  7.000    7.000    0.672    0.149   7.709e-01   1.993e-02  -5.927e-04   3.002e-20   7.473e-01
  7.000    7.000    0.672    0.246   1.639e+00   6.964e-02  -3.078e-03  -9.349e-18   7.470e-01
  7.000    7.000    0.672    0.407   2.696e+00   1.764e-01  -1.026e-02  -2.162e-17   7.468e-01
  7.000    7.000    0.672    0.672   1.181e+01   1.000e+00   1.058e-01   1.000e+00   7.458e-01
  7.000    7.000    0.672    1.110   5.752e+00   4.108e-01  -2.648e-02   6.456e-17   7.453e-01
  7.000    7.000    0.672    1.835   7.806e+00   3.592e-01  -8.750e-03   3.055e-17   7.435e-01
  7.000    7.000    0.672    3.033   6.950e+00   1.533e-01   5.907e-04  -8.467e-19   7.487e-01
  7.000    7.000    1.110    0.020  -3.804e-01  -1.152e-03   9.261e-06  -1.845e-20   7.456e-01
  7.000    7.000    1.110    0.033  -4.615e-01  -2.283e-03   1.337e-05   7.169e-20   7.431e-01
  7.000    7.000    1.110    0.054   9.494e-02   7.749e-04   2.370e-05   6.217e-20   7.459e-01
  7.000    7.000    1.110    0.090   7.932e-03   1.065e-04   5.820e-05  -9.390e-20   7.457e-01
  7.000    7.000    1.110    0.149   9.363e-03   2.042e-04   3.435e-04  -1.668e-19   7.464e-01
  7.000    7.000    1.110    0.246   6.198e-01   2.222e-02   4.011e-04   1.593e-18   7.461e-01
  7.000    7.000    1.110    0.407   2.127e+00   1.174e-01  -2.280e-03  -1.795e-17   7.461e-01
  7.000    7.000    1.110    0.672   5.752e+00   4.108e-01  -2.648e-02  -1.422e-16   7.453e-01
  7.000    7.000    1.110    1.110   1.660e+01   1.000e+00   1.219e-01   1.000e+00   7.440e-01
  7.000    7.000    1.110    1.835   1.766e+01   6.856e-01  -5.166e-02  -1.518e-16   7.419e-01
  7.000    7.000    1.110    3.033   1.582e+01   2.945e-01   2.873e-03  -9.072e-18   7.463e-01
  7.000    7.000    1.835    0.020   1.873e-01   3.654e-04  -5.891e-06  -3.345e-21   7.428e-01
  7.000    7.000    1.835    0.033  -3.951e-01  -1.259e-03  -1.093e-06   1.207e-20   7.402e-01
  7.000    7.000    1.835    0.054   4.213e-01   2.216e-03  -1.640e-05   1.196e-19   7.437e-01
  7.000    7.000    1.835    0.090   3.349e-01   2.897e-03  -3.090e-05  -3.306e-19   7.427e-01
  7.000    7.000    1.835    0.149   5.027e-01   7.066e-03  -9.360e-05  -6.857e-19   7.439e-01
  7.000    7.000    1.835    0.246   1.059e+00   2.446e-02   3.382e-05  -9.332e-19   7.440e-01
  7.000    7.000    1.835    0.407   2.954e+00   1.050e-01  -6.344e-04  -2.380e-17   7.445e-01
  7.000    7.000    1.835    0.672   7.806e+00   3.592e-01  -8.750e-03  -4.962e-17   7.435e-01
  7.000    7.000    1.835    1.110   1.766e+01   6.856e-01  -5.166e-02   3.271e-17   7.419e-01
  7.000    7.000    1.835    1.835   3.997e+01   1.000e+00   6.043e-02   1.000e+00   7.401e-01
  7.000    7.000    1.835    3.033   4.332e+01   5.197e-01  -9.996e-03  -5.916e-17   7.457e-01
  7.000    7.000    3.033    0.020  -8.140e-01  -7.614e-04   1.445e-06   3.727e-20   7.514e-01
  7.000    7.000    3.033    0.033  -1.755e-01  -2.682e-04  -4.851e-07   1.694e-20   7.400e-01
  7.000    7.000    3.033    0.054   1.303e-01   3.286e-04   2.791e-06  -8.132e-20   7.460e-01
  7.000    7.000    3.033    0.090   6.813e-01   2.826e-03  -7.003e-06  -6.505e-19   7.510e-01
  7.000    7.000    3.033    0.149   1.068e+00   7.195e-03  -3.164e-05   8.674e-19   7.500e-01
  7.000    7.000    3.033    0.246   1.907e+00   2.112e-02  -1.556e-04  -1.041e-17   7.499e-01
  7.000    7.000    3.033    0.407   3.244e+00   5.532e-02  -1.978e-04   0.000e+00   7.497e-01
  7.000    7.000    3.033    0.672   6.950e+00   1.533e-01   5.907e-04   1.110e-16   7.487e-01
  7.000    7.000    3.033    1.110   1.582e+01   2.945e-01   2.873e-03  -1.803e-16   7.463e-01
  7.000    7.000    3.033    1.835   4.332e+01   5.197e-01  -9.996e-03  -5.260e-17   7.457e-01
  7.000    7.000    3.033    3.033   1.739e+02   1.000e+00   7.963e-03   1.000e+00   7.544e-01
