# This file contains the best-fit obscuration parameters for every cluster, as a function of dbcg. Columns are the same as in obscuration_fits.txt
A119        inverse        0.500  24.500  4.1423e-01  7.2302e-01  2.2094e-02  2.7655e-02  6.8584e-02  1.7161e-02
A133        inverse        0.500  24.500  2.9824e-01  1.1885e+00  5.3025e-02  2.6528e-02  1.1492e-01  9.0951e-03
A1650       inverse        0.500  24.500  3.4352e-01  1.0539e+00  6.3753e-02  1.0943e-02  3.9485e-02  4.3842e-03
A1651       inverse        0.500  24.500  3.6839e-01  5.9764e-01  1.7592e-02  2.8550e-02  6.9602e-02  2.1010e-02
A1781       inverse        0.500  24.500  1.5385e-01  1.1388e+00  2.6188e-02  1.0782e-02  8.9309e-02  3.9086e-03
A1795       inverse        0.500  24.500  3.6017e-01  8.5985e-01  2.7986e-02  2.0241e-02  6.3668e-02  1.0406e-02
A1991       inverse        0.500  24.500  2.5134e-01  7.5571e-01  2.3170e-02  2.3350e-02  9.8053e-02  1.3847e-02
A2029       inverse        0.500  24.500  3.8390e-01  8.3811e-01  1.7165e-02  1.9405e-02  5.6515e-02  1.0275e-02
A2033       inverse        0.500  24.500  1.8541e-01  1.3270e+00  4.6505e-02  1.6882e-02  1.2130e-01  5.0067e-03
A2065       inverse        0.500  24.500  4.8519e-01  5.8054e-01  -3.6603e-02  2.5123e-02  4.5435e-02  1.8902e-02
A2142       inverse        0.500  24.500  4.0349e-01  5.2321e-01  -1.7734e-03  2.1724e-02  4.3205e-02  1.7545e-02
A2495       inverse        0.500  24.500  2.2945e-01  1.2832e+00  4.3299e-02  1.5906e-02  9.1555e-02  4.9307e-03
A2597       inverse        0.500  24.500  1.6115e-01  8.9611e-01  3.5947e-02  1.3237e-02  9.4969e-02  6.4828e-03
A2670       inverse        0.500  24.500  5.1588e-01  4.1567e-01  -9.7524e-02  5.1999e-02  6.4271e-02  4.6942e-02
A780        inverse        0.500  24.500  3.0676e-01  1.6061e-01  -1.1997e-01  2.3384e-01  1.5441e-01  2.3451e-01
A85         inverse        0.500  24.500  3.3374e-01  1.0496e+00  4.4173e-02  2.2794e-02  8.4524e-02  9.1799e-03
MKW3S       inverse        0.500  24.500  2.5100e-01  6.5345e-01  7.5140e-03  2.3906e-02  9.1448e-02  1.6326e-02
ZWCL1215    inverse        0.500  24.500  3.4262e-01  9.4762e-01  5.5242e-02  2.8905e-02  1.0009e-01  1.3231e-02
