# This file contains the best-fit obscuration parameters for every cluster, as a function of Rbcg. Columns are the same as in obscuration_fits.txt
A119        cored          0.050   1.350  4.4927e-02  3.5898e-02  4.7073e-02  2.1709e-02  8.6102e-03  1.0484e-02
A133        cored          0.050   1.650  1.5932e-02  2.5540e-02  4.4824e-02  1.4733e-02  5.8461e-03  7.9760e-03
A1650       cored          0.050   2.350  1.8116e-10  3.5586e-02  6.8155e-02        inf        inf        inf
A1651       cored          0.050   2.450  7.6343e-02  6.0563e-02  6.6678e-02  1.8562e-02  8.6660e-03  6.2753e-03
A1781       cored          0.050   1.850  6.5027e-12  1.3375e-02  2.2427e-02        inf        inf        inf
A1795       cored          0.050   1.850  4.1188e-02  4.0050e-02  3.7681e-02  1.3935e-02  6.1809e-03  6.5382e-03
A1991       cored          0.050   1.750  1.0480e-01  3.9059e-02  3.1516e-02  4.3657e-02  1.1274e-02  8.4114e-03
A2029       cored          0.050   2.250  2.2563e-02  4.1580e-02  4.0097e-02  7.7644e-03  4.4272e-03  4.8607e-03
A2033       cored          0.050   2.350  2.2119e-09  2.1242e-02  3.8823e-02  5.6690e-03  2.8773e-03  4.9364e-03
A2065       cored          0.050   2.050  6.3052e-02  6.8581e-02  3.2342e-02  9.5483e-03  5.7712e-03  4.9942e-03
A2142       cored          0.050   2.550  7.8245e-02  6.6004e-02  7.5980e-02  1.2343e-02  6.1557e-03  4.3122e-03
A2495       cored          0.050   2.250  2.0041e-09  2.7029e-02  3.2252e-02  5.7499e-03  3.2252e-03  5.1689e-03
A2597       cored          0.050   2.450  5.4086e-09  1.5806e-02  4.3966e-02  9.2126e-03  3.3229e-03  4.1553e-03
A2670       cored          0.050   2.150  1.0719e-01  8.1261e-02  3.6944e-02  2.1612e-02  1.1088e-02  7.2853e-03
A780        cored          0.050   1.550  8.6234e-02  2.1089e-02  6.4470e-02  5.5638e-02  8.9413e-03  7.8617e-03
A85         cored          0.050   1.650  1.1910e-02  2.5864e-02  4.3101e-02  1.3181e-02  5.6428e-03  7.9668e-03
MKW3S       cored          0.050   1.350  1.1760e-01  3.9127e-02  1.7279e-02  4.5989e-02  1.1522e-02  9.3133e-03
ZWCL1215    cored          0.050   2.150  2.3713e-03  3.0119e-02  6.8802e-02  9.8744e-03  5.7180e-03  7.6650e-03
