# 0.0,0.1,0.2,0.3,0.4,0.5,0.6,0.7,0.8,0.9,1.0,1.1,1.2,1.3,1.4,1.5,1.6,1.7,1.8,1.9,2.0
# -1.0,-0.8,-0.6,-0.4,-0.2,-2.22044604925e-16,0.2,0.4,0.6,0.8,1.0,1.2,1.4,1.6,1.8,2.0
  0   0   0   0   0   0   0   0   0   0   1   0   0   0   0
  0   0   0   0   0   0   0   0   0   1   8   3   0   0   0
  0   0   0   0   0   0   0   0   0   0  22   5   0   0   0
  0   0   0   0   0   0   0   0   0   9  27   4   0   0   0
  0   0   0   0   0   0   0   0   0   1  50   4   1   0   0
  0   0   0   0   0   0   0   0   0   4  43  12   0   0   0
  0   0   0   0   0   0   0   0   0   4  34  11   1   0   0
  0   0   0   0   0   0   0   0   0   5  35  16   0   0   0
  0   0   0   0   0   0   0   0   0   2  40  10   0   0   0
  0   0   0   0   0   0   0   0   0   4  27  10   1   0   0
  0   0   0   0   0   0   0   0   0   5  38   8   0   0   0
  0   0   0   0   0   0   0   0   0   4  35   5   1   0   0
  0   0   0   0   0   0   0   0   0   3  40   4   0   0   0
  0   0   0   0   0   0   0   0   0   2  30   7   1   0   0
  0   0   0   0   0   0   0   0   0   3  26   6   0   0   0
  0   0   0   0   0   0   0   0   0  11  27   6   2   0   0
  0   0   0   0   0   0   0   0   0   1  22   7   0   0   0
  0   0   0   0   0   0   0   0   0   0  18   5   0   0   0
  0   0   0   0   0   0   0   0   0   1  12   4   0   0   0
  0   0   0   0   0   0   0   0   0   0   5   1   0   0   0
