# field id x y dummy mag r_eff meansurfb sersicn (g-r)
    CFHTLSD1     280    12544.370      794.585 -99.0000   22.960    1.541   25.607    0.500    0.438
    CFHTLSD1     453    11615.017      905.874 -99.0000   21.600    2.488   25.287    1.245    0.356
    CFHTLSD1     541     7563.975      881.701 -99.0000   21.440    2.682   25.290    2.781    0.819
    CFHTLSD1     641     7520.031      861.044 -99.0000   22.240    3.230   26.494    1.636    1.525
    CFHTLSD1     949     2281.296      914.352 -99.0000   22.810    1.506   25.408    1.417   99.000
    CFHTLSD1    1261    10033.564     1020.253 -99.0000   21.730    1.609   24.471    1.181    0.325
    CFHTLSD1    1514    18060.967     1060.584 -99.0000   22.230    2.088   25.537    2.809    2.444
    CFHTLSD1    1542    17197.053     1048.309 -99.0000   22.650    2.591   26.425    2.188   -0.032
    CFHTLSD1    2428     7402.119     1271.197 -99.0000   22.380    1.564   25.059    3.215    0.222
    CFHTLSD1    2733    10181.573     1314.192 -99.0000   22.680    1.963   25.853    3.825    0.518
    CFHTLSD1    3966     4371.741     1564.719 -99.0000   22.690    1.906   25.799    1.141    0.148
    CFHTLSD1    4076     3219.167     1592.289 -99.0000   23.020    1.632   25.792    1.901    0.366
    CFHTLSD1    4741    12809.100     1803.949 -99.0000   21.060    2.625   24.864    0.787    0.455
    CFHTLSD1    5074     9160.420     1819.926 -99.0000   22.230    1.586   24.940    0.623    0.477
    CFHTLSD1    5154     6738.826     1823.150 -99.0000   22.010    2.271   25.499    2.048    0.363
    CFHTLSD1    5568    12779.041     1956.679 -99.0000   20.860    2.111   24.191    2.565    0.387
    CFHTLSD1    6083     3303.113     2045.608 -99.0000   21.450    1.621   24.206    0.854    0.804
    CFHTLSD1    6266     3986.137     2079.244 -99.0000   21.750    2.282   25.250    1.684    0.445
    CFHTLSD1    6698     8469.337     2129.266 -99.0000   23.010    1.655   25.812    1.678    0.421
    CFHTLSD1    7206    10659.396     2296.719 -99.0000   20.310    2.956   24.371    1.938    0.369
    CFHTLSD1    7627    16252.226     2335.347 -99.0000   22.220    1.552   24.883    2.017    0.478
    CFHTLSD1    8148     9560.312     2477.368 -99.0000   21.120    2.225   24.565    1.000    0.622
    CFHTLSD1    8553     9522.094     2554.853 -99.0000   21.650    2.442   25.297    1.524    0.174
    CFHTLSD1    8812     9828.918     2598.363 -99.0000   22.490    1.506   25.088    0.906    0.496
    CFHTLSD1   10585     3390.719     2978.027 -99.0000   22.040    1.506   24.638    0.500    0.631
    CFHTLSD1   10755    18955.379     3015.737 -99.0000   22.670    1.541   25.317    0.735    0.396
    CFHTLSD1   11351    14062.766     3113.353 -99.0000   22.980    2.043   26.239    0.646    0.621
    CFHTLSD1   12093    10577.352     3317.992 -99.0000   21.480    1.735   24.384    1.107    0.403
    CFHTLSD1   12146    12427.188     3390.506 -99.0000   21.240    1.837   24.269    2.443    0.616
    CFHTLSD1   12156     3951.075     3289.025 -99.0000   22.990    2.191   26.402    3.212    0.676
    CFHTLSD1   14429     9754.051     3842.153 -99.0000   21.050    2.146   24.416    0.551    0.874
    CFHTLSD1   15999     5773.466     4140.049 -99.0000   22.150    1.963   25.323    3.870    0.275
    CFHTLSD1   17042    18912.912     4364.922 -99.0000   21.710    1.906   24.819    1.110    1.311
    CFHTLSD1   17077     8595.196     4331.279 -99.0000   22.780    2.146   26.146    3.131   -0.041
    CFHTLSD1   17476     4327.931     4444.884 -99.0000   21.440    1.712   24.315    2.712    1.309
    CFHTLSD1   18047     4449.276     4567.668 -99.0000   21.360    1.598   24.086    1.981    0.502
    CFHTLSD1   18488     2129.214     4640.371 -99.0000   22.800    1.655   25.602    2.414    0.493
    CFHTLSD1   18830     4279.688     4701.049 -99.0000   23.180    1.655   25.982    1.575    0.222
    CFHTLSD1   18893     5029.922     4718.668 -99.0000   22.330    2.225   25.775    1.972    0.419
    CFHTLSD1   18900    11189.832     4871.520 -99.0000   18.960    5.113   24.211    1.385    0.468
    CFHTLSD1   19650     7841.666     4910.324 -99.0000   21.390    2.088   24.697    1.704    0.942
    CFHTLSD1   20641     5861.411     5094.251 -99.0000   22.820    2.088   26.127    2.411    0.065
    CFHTLSD1   20681    12343.849     5098.893 -99.0000   23.110    1.564   25.789    0.500    0.506
    CFHTLSD1   21540    19415.600     5367.701 -99.0000   21.590    1.586   24.300    0.500    0.529
    CFHTLSD1   21725     5446.711     5363.195 -99.0000   21.670    1.632   24.442    0.739    0.415
    CFHTLSD1   22346     3584.615     5446.961 -99.0000   22.800    2.271   26.289    0.500    0.258
    CFHTLSD1   22461    18974.357     5486.726 -99.0000   23.050    1.689   25.896    3.845    0.289
    CFHTLSD1   23504     8448.933     5704.517 -99.0000   22.580    2.328   26.123    2.567    0.247
    CFHTLSD1   23619    17317.812     5715.552 -99.0000   20.840    5.307   26.172    3.604   99.000
    CFHTLSD1   23949    15497.933     5821.328 -99.0000   22.120    1.872   25.189    2.288    0.620
    CFHTLSD1   24512     7414.268     5935.604 -99.0000   22.330    2.248   25.797    3.945    1.284
    CFHTLSD1   24669     5650.447     5995.019 -99.0000   21.600    1.643   24.387    1.074    0.564
    CFHTLSD1   26250     6494.575     6328.902 -99.0000   21.570    2.191   24.982    2.873    0.549
    CFHTLSD1   26280     5611.676     6352.115 -99.0000   21.340    2.123   24.683    0.924    0.614
    CFHTLSD1   26704     4949.998     6383.001 -99.0000   22.820    1.940   25.967    1.327    0.460
    CFHTLSD1   26772    17949.844     6436.109 -99.0000   21.350    1.997   24.560    1.185    1.146
    CFHTLSD1   27146     9670.007     6474.759 -99.0000   23.050    1.906   26.159    0.500    0.052
    CFHTLSD1   27327     7042.881     6518.752 -99.0000   23.010    1.529   25.641    1.595    0.761
    CFHTLSD1   27642    17917.893     6626.169 -99.0000   22.090    1.609   24.831    1.620    0.690
    CFHTLSD1   28138    17917.348     6701.314 -99.0000   22.540    1.700   25.401    0.745    0.233
    CFHTLSD1   28627    15693.646     6850.315 -99.0000   21.600    2.305   25.122    1.095    0.556
    CFHTLSD1   28843    17710.016     6906.888 -99.0000   20.850    2.100   24.169    1.249    0.916
    CFHTLSD1   30256    18435.025     7166.654 -99.0000   22.950    1.678   25.782    1.121    0.689
    CFHTLSD1   31007    11455.688     7363.355 -99.0000   21.630    2.260   25.108    2.297    0.393
    CFHTLSD1   31567     8886.179     7459.697 -99.0000   22.880    1.518   25.494    2.867    0.629
    CFHTLSD1   31652     8665.716     7482.576 -99.0000   22.270    2.796   26.211    3.578    0.266
    CFHTLSD1   32755     6607.063     7746.073 -99.0000   22.510    1.883   25.593    1.198    0.592
    CFHTLSD1   33183    15179.307     7825.669 -99.0000   23.390    1.621   26.147    1.800    3.076
    CFHTLSD1   33463      901.421     7958.888 -99.0000   21.130    2.134   24.484    1.942    0.254
    CFHTLSD1   33844    12911.343     8008.909 -99.0000   22.720    1.655   25.522    0.801    0.874
    CFHTLSD1   34203    11450.102     8065.569 -99.0000   23.320    1.769   26.267    2.712    0.361
    CFHTLSD1   34823    19416.039     8272.825 -99.0000   21.210    1.849   24.253    1.768    0.569
    CFHTLSD1   35846     9400.548     8483.443 -99.0000   21.950    2.168   25.339    1.832    0.460
    CFHTLSD1   36466     9266.750     8625.876 -99.0000   22.030    1.564   24.709    1.631    0.417
    CFHTLSD1   36938     7226.023     8735.514 -99.0000   22.240    1.598   24.966    0.829    0.652
    CFHTLSD1   37149     7347.607     8787.400 -99.0000   21.590    1.529   24.221    2.080    0.544
    CFHTLSD1   37279     8501.135     8812.350 -99.0000   21.130    1.746   24.048    1.293    0.355
    CFHTLSD1   37995     8474.418     9027.015 -99.0000   21.200    3.332   25.522    1.707    0.623
    CFHTLSD1   38812     3347.597     9225.169 -99.0000   21.510    2.111   24.841    0.867    0.615
    CFHTLSD1   39052    14884.951     9231.657 -99.0000   22.120    1.506   24.718    0.642    0.420
    CFHTLSD1   39520     2639.709     9286.446 -99.0000   23.130    1.655   25.932    0.500    1.254
    CFHTLSD1   41231     7970.541     9708.456 -99.0000   22.030    1.552   24.693    0.676    0.591
    CFHTLSD1   41276    15707.378     9733.126 -99.0000   21.920    1.518   24.534    0.500    0.839
    CFHTLSD1   41467    17181.637     9807.866 -99.0000   20.850    2.043   24.109    0.801    0.320
    CFHTLSD1   43073     1211.148    10090.258 -99.0000   21.930    2.613   25.724    3.368    0.239
    CFHTLSD1   44063     4622.426    10306.376 -99.0000   21.300    1.586   24.010    3.307    0.502
    CFHTLSD1   44309    19658.400    10308.145 -99.0000   22.900    2.328   26.443    3.172    0.753
    CFHTLSD1   44395    11564.823    10337.539 -99.0000   22.550    2.419   26.177    3.944    0.306
    CFHTLSD1   44534    18885.938    10364.253 -99.0000   22.470    2.682   26.320    1.656    1.510
    CFHTLSD1   44636    11057.259    10420.761 -99.0000   22.810    1.541   25.457    0.897    0.187
    CFHTLSD1   45175    14233.242    10513.617 -99.0000   21.780    2.248   25.247    3.362    0.704
    CFHTLSD1   46338      776.141    10753.321 -99.0000   21.890    1.518   24.504    2.321    1.194
    CFHTLSD1   46786     2029.200    10888.684 -99.0000   20.640    2.157   24.017    2.553    0.441
    CFHTLSD1   47011     5154.071    10893.750 -99.0000   22.190    1.815   25.192    1.887    0.676
    CFHTLSD1   47221     5472.525    10912.834 -99.0000   23.320    1.506   25.918    2.623    0.049
    CFHTLSD1   48039     9869.484    11136.664 -99.0000   21.920    1.769   24.867    0.882    0.214
    CFHTLSD1   48399    18979.562    11208.181 -99.0000   21.580    1.792   24.555    0.935    0.505
    CFHTLSD1   48546    19218.846    11214.974 -99.0000   22.210    2.043   25.469    1.736    0.373
    CFHTLSD1   48550    13891.655    11208.898 -99.0000   23.040    1.746   25.959    2.719    1.541
    CFHTLSD1   49728     7845.357    11473.132 -99.0000   22.820    1.529   25.451    1.038    0.814
    CFHTLSD1   50008    14726.377    11611.884 -99.0000   21.230    1.723   24.120    1.526    0.860
    CFHTLSD1   51792    18669.883    11935.351 -99.0000   22.470    1.506   25.068    2.210    0.449
    CFHTLSD1   52334    12624.592    12086.152 -99.0000   21.100    3.778   25.694    3.501    0.533
    CFHTLSD1   52422     7315.427    12182.321 -99.0000   21.170    1.769   24.117    0.921    0.098
    CFHTLSD1   52737     2981.526    12143.478 -99.0000   21.810    1.552   24.473    1.695    0.601
    CFHTLSD1   53243     7749.500    12226.492 -99.0000   22.760    1.917   25.882    2.446    0.445
    CFHTLSD1   53465    12548.948    12261.775 -99.0000   22.800    1.700   25.661    2.378    1.693
    CFHTLSD1   53932    10935.529    12635.938 -99.0000   20.470    3.218   24.716    0.653    0.227
    CFHTLSD1   54569     2098.535    12494.480 -99.0000   22.980    1.621   25.737    2.015    0.130
    CFHTLSD1   54941    17610.461    12571.965 -99.0000   23.430    1.598   26.156    1.117    0.195
    CFHTLSD1   55581    17888.965    12695.371 -99.0000   21.730    1.883   24.812    3.322   99.000
    CFHTLSD1   55827     6917.843    12766.394 -99.0000   22.650    1.906   25.759    0.706    0.177
    CFHTLSD1   56293    11629.843    12919.501 -99.0000   21.200    2.362   24.775    0.711    0.513
    CFHTLSD1   56482    12531.938    12949.721 -99.0000   21.710    1.883   24.792    1.539    0.713
    CFHTLSD1   56994    11741.104    13014.234 -99.0000   22.190    2.967   26.260    2.257    0.885
    CFHTLSD1   57013    12645.479    13068.467 -99.0000   21.830    1.552   24.493    0.884    0.835
    CFHTLSD1   57081     8043.098    13032.483 -99.0000   22.890    2.100   26.209    3.918    0.510
    CFHTLSD1   57897     2616.116    13238.748 -99.0000   22.220    1.506   24.818    0.500    0.503
    CFHTLSD1   58876    13681.606    13445.360 -99.0000   22.170    2.031   25.417    2.118    0.297
    CFHTLSD1   59825    15583.804    13670.492 -99.0000   21.930    1.552   24.593    0.969    0.739
    CFHTLSD1   60401     7529.107    13814.209 -99.0000   21.540    3.310   25.847    2.931    0.682
    CFHTLSD1   62686     6037.574    14336.680 -99.0000   20.890    2.100   24.209    1.078    0.611
    CFHTLSD1   63081    11652.297    14349.741 -99.0000   22.340    1.815   25.342    1.074    0.402
    CFHTLSD1   63228    13615.075    14389.328 -99.0000   21.690    3.675   26.224    2.285    0.533
    CFHTLSD1   63414     8525.535    14432.267 -99.0000   21.230    2.066   24.513    3.267    1.216
    CFHTLSD1   63609    11556.210    14465.259 -99.0000   22.970    1.518   25.584    0.500    0.507
    CFHTLSD1   64963    13283.717    14772.934 -99.0000   21.380    1.529   24.011    0.501    0.505
    CFHTLSD1   65726     7695.772    14935.583 -99.0000   21.780    1.723   24.670    2.096    1.776
    CFHTLSD1   66408    18367.934    15092.120 -99.0000   22.060    1.803   25.048    0.500    0.342
    CFHTLSD1   66614    15406.609    15069.647 -99.0000   23.160    1.552   25.823    1.884   -0.064
    CFHTLSD1   66881    14479.793    15147.090 -99.0000   22.890    1.780   25.851    0.505    0.639
    CFHTLSD1   67052    14991.335    15160.576 -99.0000   23.530    1.506   26.128    3.308    0.859
    CFHTLSD1   67922    17001.033    15410.094 -99.0000   21.480    1.564   24.159    2.255    0.797
    CFHTLSD1   68261     2828.614    15395.271 -99.0000   23.100    1.586   25.810    0.500    0.186
    CFHTLSD1   68921    13312.677    15530.714 -99.0000   22.670    1.860   25.726    0.683    0.600
    CFHTLSD1   69391    17003.176    15608.137 -99.0000   22.930    1.963   26.103    2.267   99.000
    CFHTLSD1   69682    17774.762    15701.189 -99.0000   21.580    2.750   25.485    3.602    1.756
    CFHTLSD1   69773    15253.911    15737.554 -99.0000   21.100    1.780   24.061    0.633    1.607
    CFHTLSD1   71363     2614.779    16073.300 -99.0000   20.640    2.728   24.527    2.096    0.627
    CFHTLSD1   71955    13013.878    16164.696 -99.0000   21.580    1.564   24.259    0.856    0.439
    CFHTLSD1   72088    18050.348    16157.500 -99.0000   22.840    1.963   26.013    2.176    0.790
    CFHTLSD1   72619    12782.964    16320.179 -99.0000   20.820    2.043   24.079    1.292    0.418
    CFHTLSD1   72952    12495.474    16368.021 -99.0000   21.320    1.758   24.253    2.231    1.309
    CFHTLSD1   74046    17607.824    16523.861 -99.0000   23.400    1.506   25.998    1.418    0.641
    CFHTLSD1   74716    17007.373    16680.764 -99.0000   22.730    1.506   25.328    1.552    1.156
    CFHTLSD1   75206    17893.080    16797.699 -99.0000   21.350    2.111   24.681    3.565    0.841
    CFHTLSD1   75285    15024.862    16764.104 -99.0000   23.140    1.986   26.338    3.450    0.176
    CFHTLSD1   75488     6538.606    16815.990 -99.0000   23.410    1.564   26.089    0.500    0.100
    CFHTLSD1   75865     3285.837    16901.258 -99.0000   22.170    1.758   25.103    2.732    0.662
    CFHTLSD1   76173    15750.932    16968.395 -99.0000   21.840    1.518   24.454    1.753    1.333
    CFHTLSD1   76247    15674.962    16992.811 -99.0000   21.510    1.735   24.414    1.399    0.504
    CFHTLSD1   77761    15059.732    17258.467 -99.0000   22.940    1.894   26.036    2.212    0.172
    CFHTLSD1   78861    18639.543    17472.447 -99.0000   22.340    2.750   26.245    1.010    0.497
    CFHTLSD1   79605    12970.514    17703.971 -99.0000   21.720    2.077   25.015    1.023    0.252
    CFHTLSD1   79678    13132.383    17633.318 -99.0000   23.580    1.506   26.178    3.444   -0.046
    CFHTLSD1   80474     1356.872    17800.635 -99.0000   22.800    2.077   26.095    1.802    0.591
    CFHTLSD1   81522    17332.072    18033.439 -99.0000   22.470    1.986   25.668    0.973    0.066
    CFHTLSD1   81753     2394.889    18106.887 -99.0000   20.820    2.545   24.557    2.264    0.128
    CFHTLSD1   82369     9319.005    18205.938 -99.0000   22.980    1.529   25.611    1.645    0.596
    CFHTLSD1   82596     9836.235    18276.779 -99.0000   21.910    1.746   24.829    1.233    0.339
    CFHTLSD1   82659     1096.791    18256.652 -99.0000   22.550    1.883   25.633    0.835    0.566
    CFHTLSD1   82804     8770.079    18309.684 -99.0000   22.050    1.541   24.697    1.458    0.619
    CFHTLSD1   84094    13216.026    18584.285 -99.0000   21.510    2.385   25.106    3.746    0.419
    CFHTLSD1   84454     7297.586    18662.709 -99.0000   21.720    1.758   24.653    0.573    0.472
    CFHTLSD1   84463    13723.750    18642.197 -99.0000   22.800    1.632   25.572    0.500    0.611
    CFHTLSD1   84638    13344.133    18669.617 -99.0000   22.220    3.184   26.443    2.942    1.092
    CFHTLSD1   84788    18907.299    18672.342 -99.0000   23.240    1.712   26.116    0.500    0.241
    CFHTLSD1   85425     6805.121    18873.393 -99.0000   20.600    3.116   24.776    0.792    0.303
    CFHTLSD1   85506     6788.694    18852.105 -99.0000   22.430    1.529   25.061    1.029    0.209
    CFHTLSD1   85855     8018.392    18932.086 -99.0000   21.830    1.552   24.493    2.518    0.643
    CFHTLSD1   85968     1545.481    18993.973 -99.0000   20.690    2.419   24.317    0.992    0.465
    CFHTLSD1   86181    12617.688    19013.322 -99.0000   21.270    1.609   24.011    1.377    0.591
    CFHTLSD1   87619    17870.900    20190.361 -99.0000   23.170    1.815   26.172    2.147    1.486
    CFHTLSD1   88128     1463.485    20271.174 -99.0000   21.960    1.518   24.574    0.650    0.721
    CFHTLSD1   88574     7950.413    20134.729 -99.0000   20.770    4.086   25.534    2.140    0.783
    CFHTLSD1   88680      784.308    20018.783 -99.0000   22.060    1.894   25.156    2.739    0.686
    CFHTLSD1   88742     3043.601    20115.227 -99.0000   23.410    1.518   26.024    1.368    0.670
    CFHTLSD1   90188     1361.026    19821.979 -99.0000   22.250    2.134   25.604    3.765    0.888
    CFHTLSD1   90211    12010.813    20754.068 -99.0000   21.680    3.390   26.039    1.893    0.812
    CFHTLSD1   90630     1363.879    19575.943 -99.0000   21.400    2.248   24.867    0.500    0.165
    CFHTLSD1   91096     8411.518    19646.758 -99.0000   23.320    1.940   26.467    2.581    0.486
    CFHTLSD1   91861    13401.645    19382.295 -99.0000   23.080    1.689   25.926    0.740    0.448
    CFHTLSD1   92005    13383.784    19491.699 -99.0000   23.080    1.758   26.013    0.814    0.794
    CFHTLSD1   92106    13582.006    19345.973 -99.0000   22.000    1.700   24.861    0.887    0.593
    CFHTLSD1   92112     1093.134    19320.871 -99.0000   22.070    2.819   26.029    2.137    0.340
    CFHTLSD1   92236     4081.773    20536.139 -99.0000   23.170    1.769   26.117    1.394    0.453
    CFHTLSD1   94726    10646.782    19320.207 -99.0000   23.350    1.541   25.997    2.727   -0.021
    CFHTLSD1   94783     5872.300    20749.873 -99.0000   22.780    1.803   25.768    2.741    1.611
    CFHTLSD1   95158    10899.215    20609.297 -99.0000   22.140    1.929   25.274    2.679    0.411
    CFHTLSD2    3064    17340.494     1122.540 -99.0000   22.110    2.750   26.015    2.231    1.175
    CFHTLSD2    3472     7048.333     1194.306 -99.0000   22.790    1.974   25.975    3.805    0.352
    CFHTLSD2    3481     5563.473     1213.156 -99.0000   22.880    1.780   25.841    0.500    0.159
    CFHTLSD2    3629    16792.178     1241.484 -99.0000   22.310    2.499   26.007    2.885    0.071
    CFHTLSD2    3930    18842.678     1325.164 -99.0000   22.610    1.689   25.456    2.440    1.852
    CFHTLSD2    4583    15873.481     1524.415 -99.0000   20.730    4.827   25.857    0.500    0.606
    CFHTLSD2    5026     6630.913     1579.013 -99.0000   21.950    2.043   25.209    3.042    0.723
    CFHTLSD2    5529    18108.592     1666.530 -99.0000   23.280    1.529   25.911    1.315    1.113
    CFHTLSD2    5573     5822.977     1674.388 -99.0000   23.480    1.518   26.094    0.500    0.425
    CFHTLSD2    5755     7945.358     1739.088 -99.0000   22.150    2.671   25.991    2.228    1.479
    CFHTLSD2    6119    10607.820     1863.546 -99.0000   20.920    2.340   24.474    1.783    0.353
    CFHTLSD2    6334    19366.893     1863.594 -99.0000   22.620    2.431   26.257    2.018    0.732
    CFHTLSD2    7078     7906.587     2042.434 -99.0000   22.880    1.746   25.799    1.784    0.326
    CFHTLSD2    7955    18658.082     2271.482 -99.0000   20.950    2.146   24.316    0.874    0.520
    CFHTLSD2    8296     7179.811     2338.410 -99.0000   21.680    1.586   24.390    1.464    0.668
    CFHTLSD2    8541     5624.917     2332.564 -99.0000   23.020    1.746   25.939    2.174    0.711
    CFHTLSD2    8641     9301.386     2361.835 -99.0000   22.540    2.157   25.917    2.571    0.157
    CFHTLSD2    8659    19048.486     2392.348 -99.0000   21.010    5.044   26.232    0.500    0.413
    CFHTLSD2    9082     4702.973     2455.883 -99.0000   23.190    1.609   25.931    2.913    0.207
    CFHTLSD2   10484    17760.725     2799.038 -99.0000   21.430    1.586   24.140    1.036    0.714
    CFHTLSD2   10485    17052.021     2769.017 -99.0000   23.370    1.518   25.984    0.500   -0.111
    CFHTLSD2   10493     1970.575     2812.939 -99.0000   22.680    1.552   25.343    1.079    1.428
    CFHTLSD2   11339     4001.313     2977.765 -99.0000   22.060    1.632   24.832    0.911    0.971
    CFHTLSD2   11400     3584.429     2986.749 -99.0000   21.580    1.586   24.290    1.140    1.298
    CFHTLSD2   12478     7470.820     3223.061 -99.0000   22.940    1.917   26.062    3.650    0.085
    CFHTLSD2   16789     8092.450     4087.671 -99.0000   23.060    1.506   25.658    2.238    0.367
    CFHTLSD2   18866     7856.627     4546.709 -99.0000   22.150    2.237   25.606    2.527    0.310
    CFHTLSD2   18939     5882.355     4541.024 -99.0000   23.050    1.586   25.760    1.192    0.130
    CFHTLSD2   20636     5448.672     4911.607 -99.0000   21.880    1.792   24.855    2.683    0.401
    CFHTLSD2   21118     9891.109     5052.105 -99.0000   21.060    1.837   24.089    0.730    0.382
    CFHTLSD2   21332     8985.219     5014.043 -99.0000   22.150    1.963   25.323    3.740    0.548
    CFHTLSD2   21592    19012.822     5315.778 -99.0000   18.590    5.923   24.161    2.204    0.464
    CFHTLSD2   22664    12307.399     5315.387 -99.0000   21.380    1.598   24.106    1.312    0.578
    CFHTLSD2   22666    17383.252     5284.306 -99.0000   22.980    1.712   25.856    0.835    0.258
    CFHTLSD2   23041     1059.344     5380.737 -99.0000   22.860    1.552   25.523    2.033    0.109
    CFHTLSD2   23309    11551.743     5411.369 -99.0000   22.900    2.317   26.433    2.164    0.966
    CFHTLSD2   23928    12155.451     5550.683 -99.0000   23.240    1.609   25.981    0.873    0.824
    CFHTLSD2   24815    16155.269     5742.000 -99.0000   22.200    1.837   25.229    2.034    0.278
    CFHTLSD2   24823    18033.604     5724.203 -99.0000   22.570    2.317   26.103    1.937    0.330
    CFHTLSD2   25352     1357.712     5824.464 -99.0000   23.150    2.123   26.493    3.093    0.870
    CFHTLSD2   26380     6119.445     6082.775 -99.0000   22.210    1.575   24.904    1.479    0.140
    CFHTLSD2   26425     3566.444     6076.454 -99.0000   23.080    1.575   25.775    3.326    0.430
    CFHTLSD2   27376     7544.224     6269.897 -99.0000   21.420    3.652   25.941    1.733    1.198
    CFHTLSD2   27519    17099.043     6366.806 -99.0000   21.920    1.552   24.583    2.176    1.141
    CFHTLSD2   27636     5641.823     6336.977 -99.0000   22.350    2.454   26.007    2.403    0.716
    CFHTLSD2   27716    17100.227     6346.476 -99.0000   22.530    1.746   25.449    0.956    0.329
    CFHTLSD2   27771    15756.589     6363.218 -99.0000   22.390    1.974   25.575    2.797    0.282
    CFHTLSD2   27822    19324.465     6410.329 -99.0000   21.500    1.758   24.433    1.294    0.730
    CFHTLSD2   28439     1508.622     6478.894 -99.0000   23.320    1.586   26.030    0.500    0.562
    CFHTLSD2   28541     5436.563     6587.147 -99.0000   21.850    1.666   24.667    0.655    0.743
    CFHTLSD2   28593     5018.563     6502.829 -99.0000   22.820    2.419   26.447    1.331   -0.030
    CFHTLSD2   28615     3043.154     6506.693 -99.0000   23.290    1.552   25.953    1.522    0.848
    CFHTLSD2   29010     6243.078     6588.752 -99.0000   23.250    1.758   26.183    1.390    1.113
    CFHTLSD2   29192     5945.257     6662.841 -99.0000   21.780    2.693   25.640    3.117    0.419
    CFHTLSD2   31008     3726.822     6997.306 -99.0000   22.720    2.260   26.198    1.208    0.315
    CFHTLSD2   31898    18154.523     7190.386 -99.0000   22.600    1.621   25.357    2.405    0.516
    CFHTLSD2   31916     8759.004     7206.047 -99.0000   22.270    2.522   25.987    1.056    1.576
    CFHTLSD2   33148    12223.713     7500.625 -99.0000   21.110    1.997   24.320    0.653    0.543
    CFHTLSD2   33269    12381.721     7435.296 -99.0000   20.740    6.425   26.488    0.632    0.489
    CFHTLSD2   33940     6802.684     7572.193 -99.0000   22.680    2.454   26.337    2.720    1.101
    CFHTLSD2   34134    19198.932     7603.107 -99.0000   22.930    1.655   25.732    3.095    0.878
    CFHTLSD2   34563     7555.201     7705.346 -99.0000   22.660    1.872   25.729    0.500    0.693
    CFHTLSD2   36049    13110.340     8021.884 -99.0000   21.120    1.758   24.053    0.500    0.144
    CFHTLSD2   36941     4552.589     8179.778 -99.0000   21.820    1.883   24.902    0.500    3.847
    CFHTLSD2   37024     4558.664     8189.649 -99.0000   21.840    2.465   25.507    1.168   99.000
    CFHTLSD2   37808     2029.876     8315.314 -99.0000   22.880    1.506   25.478    0.500    0.444
    CFHTLSD2   37872     2051.046     8301.361 -99.0000   23.370    1.621   26.127    2.731    0.995
    CFHTLSD2   39306    14725.036     8655.617 -99.0000   21.880    2.910   25.908    0.628    0.483
    CFHTLSD2   40312     7192.771     8818.400 -99.0000   23.440    1.723   26.330    3.670    0.243
    CFHTLSD2   40327     3578.941     8873.727 -99.0000   21.480    1.780   24.441    1.231    0.267
    CFHTLSD2   40719     8443.268     8948.262 -99.0000   21.960    1.894   25.056    1.369    0.607
    CFHTLSD2   41032     4492.050     8973.588 -99.0000   22.270    2.865   26.263    3.018    0.555
    CFHTLSD2   41097    18464.943     9043.236 -99.0000   21.540    1.735   24.444    1.331    0.549
    CFHTLSD2   41427     1628.722     9053.129 -99.0000   23.150    1.575   25.845    0.560    0.066
    CFHTLSD2   41786     2230.684     9180.339 -99.0000   20.740    2.773   24.663    2.768    1.669
    CFHTLSD2   41888    19315.248     9121.803 -99.0000   23.280    1.575   25.975    2.258    0.375
    CFHTLSD2   42021    11633.245     9199.722 -99.0000   21.070    2.225   24.515    2.739    0.569
    CFHTLSD2   42234     9105.111     9238.560 -99.0000   21.970    1.700   24.831    3.605    0.753
    CFHTLSD2   42979    13533.366     9388.072 -99.0000   21.750    2.591   25.525    2.644    0.675
    CFHTLSD2   44864     5328.820     9765.789 -99.0000   21.280    2.362   24.855    1.488    0.645
    CFHTLSD2   45020    12226.021     9761.855 -99.0000   21.740    1.883   24.822    0.989    0.742
    CFHTLSD2   45581    15707.847     9894.679 -99.0000   21.240    1.632   24.012    0.767    0.474
    CFHTLSD2   48747    11523.793    10510.439 -99.0000   21.410    2.214   24.844    0.615    0.896
    CFHTLSD2   48913    11862.214    10535.620 -99.0000   21.630    1.506   24.228    1.275    0.313
    CFHTLSD2   49835     7650.401    10661.043 -99.0000   22.530    2.043   25.789    2.417    0.759
    CFHTLSD2   50137    13967.842    10768.116 -99.0000   21.620    1.506   24.218    3.223    0.586
    CFHTLSD2   50314    16100.048    10758.337 -99.0000   23.010    1.609   25.751    0.792    1.235
    CFHTLSD2   50577    19228.166    10831.682 -99.0000   21.520    3.344   25.849    3.987    1.480
    CFHTLSD2   50733     9281.621    10899.396 -99.0000   20.890    2.020   24.125    1.078    0.390
    CFHTLSD2   50920     9431.814    10873.867 -99.0000   22.850    1.803   25.838    1.778    0.859
    CFHTLSD2   51764    11701.138    11025.513 -99.0000   22.400    1.506   24.998    1.906    0.470
    CFHTLSD2   52028    13981.402    11159.465 -99.0000   21.440    1.849   24.483    1.752    0.736
    CFHTLSD2   52082    12529.212    11098.294 -99.0000   22.060    1.769   25.007    1.061    0.569
    CFHTLSD2   52279    15008.146    11105.860 -99.0000   23.240    1.689   26.086    1.990    0.377
    CFHTLSD2   52710     2162.047    11186.166 -99.0000   22.160    3.047   26.288    2.763    0.822
    CFHTLSD2   52900     2793.656    11221.804 -99.0000   23.040    1.541   25.687    1.262    0.796
    CFHTLSD2   53490    11584.092    11368.581 -99.0000   21.630    1.700   24.491    0.878    0.441
    CFHTLSD2   53525    17662.471    11380.942 -99.0000   21.660    2.066   24.943    1.437    1.046
    CFHTLSD2   54276     1635.932    11503.113 -99.0000   22.060    1.803   25.048    0.500    0.663
    CFHTLSD2   54354     1271.155    11543.455 -99.0000   20.870    2.203   24.293    3.560    1.320
    CFHTLSD2   54849    16091.271    11632.671 -99.0000   21.320    2.168   24.709    1.033    0.766
    CFHTLSD2   55652    12951.993    11757.325 -99.0000   22.070    2.134   25.424    2.534    1.164
    CFHTLSD2   56926    15768.646    11969.257 -99.0000   22.390    2.180   25.790    0.500    1.437
    CFHTLSD2   56955     3201.161    12033.528 -99.0000   21.320    1.575   24.014    1.009    0.941
    CFHTLSD2   57255    14331.867    12169.128 -99.0000   20.080    3.161   24.287    0.655    0.445
    CFHTLSD2   57872     1966.799    12147.036 -99.0000   22.160    1.621   24.917    2.290    2.081
    CFHTLSD2   57932    18711.477    12167.123 -99.0000   22.310    1.609   25.051    1.524    0.274
    CFHTLSD2   58256    10558.518    12227.357 -99.0000   21.790    1.678   24.622    2.318    1.172
    CFHTLSD2   58886    15831.457    12337.952 -99.0000   22.290    1.518   24.904    0.642    0.684
    CFHTLSD2   59494    16805.123    12576.895 -99.0000   19.290    4.245   24.138    1.372    0.475
    CFHTLSD2   59569    10502.821    12491.076 -99.0000   21.880    1.609   24.621    1.002    0.602
    CFHTLSD2   59863     6392.531    12569.224 -99.0000   20.920    1.894   24.016    1.215    1.010
    CFHTLSD2   60707    11323.533    12682.901 -99.0000   22.180    1.655   24.982    2.456    1.288
    CFHTLSD2   60921     9761.981    12735.759 -99.0000   22.460    1.758   25.393    2.554   99.000
    CFHTLSD2   61130    19609.174    12759.712 -99.0000   22.260    1.906   25.369    1.486    0.272
    CFHTLSD2   61257    16917.463    12798.824 -99.0000   22.340    2.511   26.047    0.568    1.020
    CFHTLSD2   61958    12772.794    12918.334 -99.0000   22.180    1.621   24.937    1.739    1.044
    CFHTLSD2   62461    10516.400    12982.752 -99.0000   23.010    1.575   25.705    2.451    0.390
    CFHTLSD2   62856    10149.771    13087.137 -99.0000   21.780    1.769   24.727    3.151    0.777
    CFHTLSD2   63372     6855.103    13190.842 -99.0000   21.120    1.735   24.024    1.560    0.397
    CFHTLSD2   63403     2734.936    13141.598 -99.0000   23.110    1.529   25.741    2.016    0.340
    CFHTLSD2   64101    13024.394    13261.743 -99.0000   22.660    2.100   25.979    1.436    0.538
    CFHTLSD2   64440     6823.066    13321.457 -99.0000   23.270    1.974   26.455    2.563    0.536
    CFHTLSD2   64817     4872.295    13414.222 -99.0000   21.750    3.903   26.415    2.909    0.682
    CFHTLSD2   64910    14291.869    13413.199 -99.0000   22.970    1.952   26.130    1.187    0.691
    CFHTLSD2   65759    11963.330    13578.902 -99.0000   22.930    2.100   26.249    3.117    0.498
    CFHTLSD2   65992     8417.142    13619.295 -99.0000   21.720    2.499   25.417    3.399    1.000
    CFHTLSD2   66751     5207.451    13748.914 -99.0000   23.120    1.655   25.922    0.500    0.541
    CFHTLSD2   67400    10534.155    13907.669 -99.0000   20.970    2.454   24.627    1.063    0.306
    CFHTLSD2   67572    11851.078    13887.535 -99.0000   23.280    1.792   26.255    3.071    0.525
    CFHTLSD2   67755    18623.844    13973.711 -99.0000   21.420    1.529   24.051    0.629    0.608
    CFHTLSD2   68067     6955.461    13996.581 -99.0000   23.220    1.506   25.818    1.363    1.237
    CFHTLSD2   68453     4461.196    14106.623 -99.0000   21.860    1.769   24.807    0.556    0.675
    CFHTLSD2   70003     3753.955    14371.737 -99.0000   21.780    2.088   25.087    1.578    0.844
    CFHTLSD2   70498    14558.322    14463.096 -99.0000   21.540    1.655   24.342    3.026    0.751
    CFHTLSD2   71491    11201.965    14641.600 -99.0000   21.710    1.769   24.657    1.131    0.510
    CFHTLSD2   71683    14568.424    14660.877 -99.0000   22.190    1.952   25.350    3.198    0.999
    CFHTLSD2   71733    15071.980    14644.161 -99.0000   23.200    1.803   26.188    1.262    0.223
    CFHTLSD2   72124     6856.111    14731.465 -99.0000   22.900    1.518   25.514    1.654    0.643
    CFHTLSD2   73605    13460.366    15024.580 -99.0000   22.240    2.180   25.640    2.755    0.528
    CFHTLSD2   73937     5332.710    15071.752 -99.0000   22.770    1.666   25.587    1.701    0.538
    CFHTLSD2   73945     5072.168    15127.333 -99.0000   20.710    2.682   24.560    0.500    0.086
    CFHTLSD2   74350    16139.386    15198.810 -99.0000   21.550    1.826   24.566    0.715    0.609
    CFHTLSD2   74964    19168.988    15265.772 -99.0000   23.190    1.700   26.051    3.086    1.553
    CFHTLSD2   75915    12313.970    15557.110 -99.0000   21.500    2.842   25.476    2.920    1.522
    CFHTLSD2   76084    10137.179    15588.947 -99.0000   21.340    1.621   24.096    0.854    0.647
    CFHTLSD2   76218     9419.780    15548.406 -99.0000   22.130    1.529   24.761    1.182    0.429
    CFHTLSD2   76308     1880.035    15570.961 -99.0000   21.780    1.974   24.965    0.500    0.162
    CFHTLSD2   76510     3108.417    15597.079 -99.0000   22.190    2.009   25.413    2.644    0.680
    CFHTLSD2   76759     6397.232    15688.499 -99.0000   21.250    2.282   24.750    0.835   99.000
    CFHTLSD2   76854    13033.387    15709.503 -99.0000   20.550    2.260   24.028    0.500    0.609
    CFHTLSD2   77617     9835.912    15810.644 -99.0000   21.660    1.906   24.769    3.222    0.682
    CFHTLSD2   77775     1164.124    15799.109 -99.0000   23.280    1.632   26.052    2.808    0.643
    CFHTLSD2   78097     5637.307    15891.402 -99.0000   22.190    1.586   24.900    2.173    0.722
    CFHTLSD2   78703     6771.425    15982.998 -99.0000   23.110    1.655   25.912    1.408    0.575
    CFHTLSD2   79865     3050.385    16188.796 -99.0000   23.030    1.917   26.152    0.500    0.299
    CFHTLSD2   80930     1846.616    16434.863 -99.0000   21.150    2.990   25.237    3.437    1.257
    CFHTLSD2   81226    11644.205    16453.521 -99.0000   22.460    2.602   26.245    2.891    0.403
    CFHTLSD2   81669     1461.789    16507.434 -99.0000   23.230    1.564   25.909    2.780    1.460
    CFHTLSD2   82881     4577.860    16754.768 -99.0000   23.060    1.678   25.892    0.656    1.649
    CFHTLSD2   83100    15975.983    16858.693 -99.0000   22.350    2.762   26.264    2.002    0.091
    CFHTLSD2   83455    11956.643    16865.355 -99.0000   22.640    1.986   25.838    2.499    0.651
    CFHTLSD2   84509     1743.627    17078.646 -99.0000   22.270    1.769   25.217    1.438    0.785
    CFHTLSD2   84670     8672.285    17178.971 -99.0000   20.660    4.497   25.632    0.500    0.714
    CFHTLSD2   84970    15890.404    17197.322 -99.0000   21.130    1.780   24.091    0.545    0.475
    CFHTLSD2   86390    15865.287    17457.189 -99.0000   21.640    2.488   25.327    1.536    0.371
    CFHTLSD2   86745    16148.312    17504.303 -99.0000   21.820    2.499   25.517    3.285    1.336
    CFHTLSD2   86806    11283.618    17497.047 -99.0000   22.950    2.134   26.304    1.397    0.164
    CFHTLSD2   87214    15730.233    17699.527 -99.0000   18.820    5.067   24.052    2.374    0.431
    CFHTLSD2   87557     8780.396    17649.166 -99.0000   22.640    1.541   25.287    0.561    0.873
    CFHTLSD2   87708     5204.772    17704.811 -99.0000   22.270    3.047   26.398    2.900    0.563
    CFHTLSD2   87710     2443.044    17727.777 -99.0000   21.520    1.849   24.563    1.564    0.670
    CFHTLSD2   87848    11489.709    17733.994 -99.0000   21.470    2.340   25.024    3.751    1.616
    CFHTLSD2   88935    12582.497    17897.051 -99.0000   21.600    1.952   24.760    3.823    1.437
    CFHTLSD2   89355    16097.755    17954.451 -99.0000   22.900    1.963   26.073    2.183    2.936
    CFHTLSD2   89979    15178.331    18071.064 -99.0000   22.950    1.872   26.019    1.920    0.626
    CFHTLSD2   90365     1625.043    18127.273 -99.0000   23.410    1.541   26.057    0.500    0.425
    CFHTLSD2   91124    16373.573    18271.033 -99.0000   23.300    1.712   26.176    3.809   -0.063
    CFHTLSD2   91631    16917.930    18390.914 -99.0000   22.600    2.054   25.871    2.209    0.566
    CFHTLSD2   91787     1437.085    18418.258 -99.0000   22.150    1.826   25.166    1.715    0.357
    CFHTLSD2   92388    13957.517    18549.016 -99.0000   21.740    1.872   24.809    3.080    1.475
    CFHTLSD2   92464    17704.375    18570.508 -99.0000   21.940    1.506   24.538    0.846    0.342
    CFHTLSD2   92597    17945.363    18594.225 -99.0000   21.910    1.746   24.829    0.715    0.401
    CFHTLSD2   92653     5584.366    18593.275 -99.0000   22.670    1.552   25.333    1.081    0.307
    CFHTLSD2   92950    13443.160    18633.973 -99.0000   22.150    1.974   25.335    3.094    0.287
    CFHTLSD2   93468    12760.818    18795.969 -99.0000   21.240    1.815   24.242    2.178    0.615
    CFHTLSD2   93892     3592.239    18840.973 -99.0000   21.580    2.020   24.815    1.950    0.581
    CFHTLSD2   93922     5772.554    18839.146 -99.0000   22.810    1.643   25.597    2.093    1.393
    CFHTLSD2   94548     9712.083    18991.453 -99.0000   21.150    1.803   24.138    0.830    0.544
    CFHTLSD2   94663    14480.018    18956.016 -99.0000   22.890    2.305   26.412    3.620    0.266
    CFHTLSD2   95751     2777.870    19246.154 -99.0000   20.910    2.728   24.797    2.811    1.294
    CFHTLSD2   96007    19047.682    20511.564 -99.0000   21.400    3.869   26.046    0.656   99.000
    CFHTLSD2   96978    10278.683    19095.365 -99.0000   22.980    2.294   26.491    3.256   -0.265
    CFHTLSD2   97115    19288.250    20360.656 -99.0000   22.470    1.872   25.539    1.654    1.113
    CFHTLSD2   98207     9345.882    20181.018 -99.0000   22.250    1.552   24.913    2.337    1.770
    CFHTLSD2   98363     8147.917    20031.438 -99.0000   22.790    1.529   25.421    2.159    0.469
    CFHTLSD2   98404     5408.497    20156.391 -99.0000   21.980    1.792   24.955    2.074    0.348
    CFHTLSD2   99283    14079.229    19600.143 -99.0000   21.430    1.632   24.202    1.080    0.553
    CFHTLSD2   99763     3214.418    19613.402 -99.0000   21.640    2.271   25.129    2.651    1.639
    CFHTLSD2  100245    11181.075    19636.076 -99.0000   22.920    2.225   26.365    2.553    2.736
    CFHTLSD2  100572    14458.029    19577.328 -99.0000   22.940    2.146   26.306    2.993    0.232
    CFHTLSD2  101293    13621.723    19457.582 -99.0000   21.600    1.643   24.387    1.203    0.632
    CFHTLSD2  101432     2117.584    19275.658 -99.0000   21.300    1.792   24.275    0.919    0.660
    CFHTLSD2  102036     4823.964    19153.461 -99.0000   21.850    2.020   25.085    2.249    0.539
    CFHTLSD2  102140     9776.214    19579.465 -99.0000   23.470    1.518   26.084    3.834    0.875
    CFHTLSD2  102384     3613.203    19269.979 -99.0000   22.220    2.248   25.687    2.424    0.808
    CFHTLSD2  103551     7477.785    19941.777 -99.0000   22.440    1.541   25.087    1.726    0.269
    CFHTLSD2  104072     4158.547    20716.039 -99.0000   22.820    1.586   25.530    0.500    0.038
    CFHTLSD2  105073    19044.895    20551.295 -99.0000   22.200    2.043   25.459    0.559   99.000
    CFHTLSD3     486     2673.044      855.270 -99.0000   20.660    2.739   24.556    0.730    0.332
    CFHTLSD3    1256    14171.490      895.050 -99.0000   22.810    1.529   25.441    3.027    0.656
    CFHTLSD3    1357    14386.441      913.702 -99.0000   23.190    1.598   25.916    2.635    0.121
    CFHTLSD3    1534    17349.312      982.001 -99.0000   22.070    1.609   24.811    1.053    0.388
    CFHTLSD3    2284     4984.780     1119.120 -99.0000   22.720    2.009   25.943    1.986    0.484
    CFHTLSD3    2319     5940.809     1148.389 -99.0000   22.880    1.952   26.040    1.706    0.624
    CFHTLSD3    2337     1002.664     1131.998 -99.0000   22.650    2.328   26.193    1.592   -0.206
    CFHTLSD3    2542    15894.856     1194.209 -99.0000   22.270    1.678   25.102    0.500    0.521
    CFHTLSD3    2613    14350.079     1171.059 -99.0000   22.730    2.351   26.294    0.500    1.838
    CFHTLSD3    3052    18180.111     1304.923 -99.0000   22.280    1.598   25.006    0.500    0.358
    CFHTLSD3    3076    17712.555     1302.398 -99.0000   22.030    2.214   25.464    2.248    0.941
    CFHTLSD3    3156    10777.627     1339.020 -99.0000   21.180    2.009   24.403    0.862    0.577
    CFHTLSD3    3472    14089.646     1402.833 -99.0000   21.660    1.518   24.274    0.748    0.561
    CFHTLSD3    3740     4086.795     1434.840 -99.0000   22.150    1.906   25.259    0.625    0.178
    CFHTLSD3    4040    11042.846     1501.540 -99.0000   22.020    1.586   24.730    1.562    1.231
    CFHTLSD3    4127     4322.096     1506.565 -99.0000   22.400    1.723   25.290    2.250    0.339
    CFHTLSD3    4345    10909.026     1579.601 -99.0000   20.790    2.225   24.235    1.949    0.531
    CFHTLSD3    4351    13543.620     1623.957 -99.0000   20.420    2.933   24.465    1.363    0.337
    CFHTLSD3    4385     2484.404     1571.060 -99.0000   21.880    1.917   25.002    3.424    0.444
    CFHTLSD3    4745    17339.584     1636.377 -99.0000   22.970    1.746   25.889    3.055    0.457
    CFHTLSD3    4961    17616.150     1719.838 -99.0000   20.950    2.294   24.461    3.117    1.208
    CFHTLSD3    5690    10581.248     1815.023 -99.0000   22.860    2.225   26.305    3.531    0.684
    CFHTLSD3    5735     5386.998     1827.515 -99.0000   23.190    1.952   26.350    2.452    0.210
    CFHTLSD3    6072     9626.125     1879.417 -99.0000   23.200    1.632   25.972    2.612   -0.015
    CFHTLSD3    6879     2069.154     2048.061 -99.0000   23.280    1.906   26.389    3.141    2.434
    CFHTLSD3    7555     8089.679     2207.642 -99.0000   22.750    1.552   25.413    1.791    0.433
    CFHTLSD3    7653    13202.565     2296.986 -99.0000   20.780    2.123   24.123    0.500    0.890
    CFHTLSD3    7809    11931.169     2249.490 -99.0000   23.320    1.792   26.295    1.844    0.920
    CFHTLSD3    8077    11059.273     2346.519 -99.0000   21.540    2.362   25.115    3.327    0.522
    CFHTLSD3    9315    16906.365     2606.668 -99.0000   21.090    2.477   24.767    3.053    1.198
    CFHTLSD3    9338    17190.551     2559.175 -99.0000   23.430    1.598   26.156    3.487    0.972
    CFHTLSD3   10005      975.057     2750.566 -99.0000   21.280    1.689   24.126    1.447    1.644
    CFHTLSD3   10919    18302.213     2877.672 -99.0000   23.150    1.826   26.166    1.146    2.025
    CFHTLSD3   11158    14633.163     2976.508 -99.0000   21.500    1.655   24.302    1.124    0.616
    CFHTLSD3   11561    11345.811     3111.136 -99.0000   21.780    1.746   24.699    3.204    1.268
    CFHTLSD3   11562     4853.781     3016.334 -99.0000   23.120    1.575   25.815    2.498    0.531
    CFHTLSD3   11753     5985.600     3082.751 -99.0000   22.270    1.860   25.326    3.355    0.777
    CFHTLSD3   12161    17850.619     3188.062 -99.0000   21.330    1.655   24.132    1.129    0.401
    CFHTLSD3   13476     7147.818     3470.501 -99.0000   20.910    2.750   24.815    0.500    0.146
    CFHTLSD3   13787     7197.808     3523.986 -99.0000   21.370    1.689   24.216    1.417    0.074
    CFHTLSD3   14251     1227.201     3585.856 -99.0000   22.750    2.499   26.447    3.659    0.294
    CFHTLSD3   14339    11665.146     3601.311 -99.0000   23.350    1.564   26.029    1.466    0.211
    CFHTLSD3   14563    19444.672     3653.953 -99.0000   22.850    1.575   25.544    1.736    0.904
    CFHTLSD3   15369    14981.747     3828.651 -99.0000   22.170    1.678   25.002    2.609    0.174
    CFHTLSD3   15593     1638.328     3940.067 -99.0000   20.840    3.218   25.086    2.538    0.898
    CFHTLSD3   16116     7050.554     3986.432 -99.0000   22.720    2.077   26.015    0.701    0.523
    CFHTLSD3   16492     4024.058     4109.896 -99.0000   21.930    1.575   24.624    1.645    0.542
    CFHTLSD3   16745     8075.538     4155.713 -99.0000   21.910    1.849   24.953    0.710    0.257
    CFHTLSD3   16879    19285.104     4156.338 -99.0000   23.110    1.723   26.000    2.086    0.785
    CFHTLSD3   17837    16106.401     4357.732 -99.0000   23.030    1.758   25.963    3.076    0.288
    CFHTLSD3   18924     8107.212     4610.411 -99.0000   21.610    1.700   24.471    1.655    0.127
    CFHTLSD3   20050    12365.450     4818.833 -99.0000   23.050    1.906   26.159    2.418    0.103
    CFHTLSD3   20574     2833.760     4918.792 -99.0000   23.190    1.598   25.916    0.500    0.023
    CFHTLSD3   20656     4227.213     4958.866 -99.0000   22.590    1.632   25.362    3.422    0.559
    CFHTLSD3   22094    16706.006     5242.770 -99.0000   23.140    1.518   25.754    1.046    0.469
    CFHTLSD3   22867    15370.027     5475.140 -99.0000   21.550    2.282   25.050    0.952    0.139
    CFHTLSD3   22900    15367.789     5495.919 -99.0000   21.120    2.682   24.970    0.500    0.270
    CFHTLSD3   23610    14166.050     5629.070 -99.0000   21.520    1.518   24.134    1.549    1.045
    CFHTLSD3   23968     4599.272     5701.310 -99.0000   22.280    1.575   24.974    1.069    1.472
    CFHTLSD3   24209    15811.021     5733.263 -99.0000   21.820    2.203   25.243    3.206    1.689
    CFHTLSD3   24446     2575.290     5757.170 -99.0000   22.840    2.454   26.497    3.256    0.519
    CFHTLSD3   24755    18854.336     5860.084 -99.0000   22.580    1.575   25.274    1.446    0.692
    CFHTLSD3   25299    19763.605     5970.580 -99.0000   22.200    1.552   24.863    1.471    0.618
    CFHTLSD3   25352    11350.272     5984.128 -99.0000   21.870    2.819   25.829    2.183    0.419
    CFHTLSD3   25945     7807.766     6132.506 -99.0000   21.540    1.872   24.609    0.838    0.789
    CFHTLSD3   25986    19599.879     6148.548 -99.0000   21.230    1.723   24.120    1.065    0.639
    CFHTLSD3   26168    15667.951     6183.572 -99.0000   21.160    1.780   24.121    3.519    1.336
    CFHTLSD3   26326    19253.088     6214.713 -99.0000   21.950    1.506   24.548    2.507    1.060
    CFHTLSD3   28345     7436.650     6644.405 -99.0000   21.360    1.564   24.039    0.959    0.448
    CFHTLSD3   29835     1645.345     6977.135 -99.0000   22.020    1.518   24.634    0.796    0.558
    CFHTLSD3   30293     5797.140     7010.441 -99.0000   23.020    1.780   25.981    3.620    0.246
    CFHTLSD3   30921    17692.287     7130.690 -99.0000   23.180    1.552   25.843    0.500    0.172
    CFHTLSD3   32093    10323.075     7459.890 -99.0000   20.180    3.641   24.694    2.203    0.725
    CFHTLSD3   33164    15745.979     7676.880 -99.0000   21.520    2.031   24.767    2.237    0.800
    CFHTLSD3   33223     2987.362     7706.086 -99.0000   20.500    2.408   24.116    2.350    1.140
    CFHTLSD3   33568    14556.384     7728.844 -99.0000   22.830    1.826   25.846    1.179    0.321
    CFHTLSD3   34026    16597.334     7869.351 -99.0000   22.540    1.666   25.357    0.603    0.351
    CFHTLSD3   34724     6567.161     7983.288 -99.0000   22.400    1.609   25.141    1.735    0.592
    CFHTLSD3   35113     2398.362     8097.502 -99.0000   21.410    1.643   24.197    0.500    0.573
    CFHTLSD3   36802    13026.150     8445.451 -99.0000   21.600    2.636   25.413    3.295    0.415
    CFHTLSD3   36956    17008.285     8455.519 -99.0000   23.380    1.586   26.090    1.820    0.354
    CFHTLSD3   37566     2653.730     8625.968 -99.0000   21.780    1.712   24.656    0.782    0.423
    CFHTLSD3   37718    18855.746     8609.150 -99.0000   23.090    1.883   26.173    1.568    0.101
    CFHTLSD3   38193    15726.465     8724.827 -99.0000   21.970    2.876   25.972    2.955    0.740
    CFHTLSD3   38323     6524.110     8733.356 -99.0000   23.390    1.632   26.162    3.166    0.518
    CFHTLSD3   42820     5620.643     9739.219 -99.0000   21.870    1.575   24.564    1.043    0.858
    CFHTLSD3   43430    17271.141     9847.583 -99.0000   22.360    2.465   26.027    1.788    0.094
    CFHTLSD3   43832     8067.636     9966.380 -99.0000   21.380    1.598   24.106    1.081    0.882
    CFHTLSD3   44453    18917.633    10087.768 -99.0000   22.510    1.894   25.606    1.528    0.912
    CFHTLSD3   44614     9657.111    10087.488 -99.0000   22.850    2.100   26.169    2.094    0.706
    CFHTLSD3   45227     8352.038    10208.484 -99.0000   22.680    2.602   26.465    1.064    0.537
    CFHTLSD3   45233    17330.154    10233.149 -99.0000   21.800    1.552   24.463    2.328    0.734
    CFHTLSD3   46267    17661.545    10428.405 -99.0000   22.320    1.849   25.363    3.128    0.949
    CFHTLSD3   46336     9447.130    10495.056 -99.0000   21.340    2.066   24.623    1.288    0.857
    CFHTLSD3   47058     5780.874    10618.740 -99.0000   22.480    1.746   25.399    2.147    0.423
    CFHTLSD3   47156     4293.953    10619.682 -99.0000   22.840    1.575   25.534    3.403    0.972
    CFHTLSD3   47742    18839.293    10755.541 -99.0000   22.020    2.682   25.870    1.773    0.386
    CFHTLSD3   48337    16576.861    10884.832 -99.0000   22.000    3.287   26.292    2.520    0.600
    CFHTLSD3   48511    10686.680    10977.098 -99.0000   20.990    2.020   24.225    1.245    0.857
    CFHTLSD3   48586    15782.522    11020.010 -99.0000   20.410    2.659   24.242    0.577    0.624
    CFHTLSD3   49012     7477.278    11010.004 -99.0000   23.040    1.518   25.654    1.376    0.138
    CFHTLSD3   49294     7305.484    11098.534 -99.0000   22.330    1.564   25.009    1.300    0.537
    CFHTLSD3   49753     8063.184    11267.809 -99.0000   20.600    2.454   24.257    2.386    0.407
    CFHTLSD3   50177     8757.205    11269.960 -99.0000   22.110    2.100   25.429    2.847    0.355
    CFHTLSD3   51177    13953.823    11518.120 -99.0000   21.870    1.586   24.580    0.580    0.702
    CFHTLSD3   51426    12243.644    11570.393 -99.0000   21.270    2.054   24.541    0.993    0.374
    CFHTLSD3   51614    10103.068    11607.324 -99.0000   21.260    1.872   24.329    0.505    0.289
    CFHTLSD3   52113    13918.995    11678.679 -99.0000   22.820    1.643   25.607    1.200    0.605
    CFHTLSD3   52135     6996.729    11702.857 -99.0000   21.520    2.397   25.126    0.769    0.629
    CFHTLSD3   52180    14543.008    11699.762 -99.0000   21.910    3.013   26.013    2.875    0.646
    CFHTLSD3   52324    14450.338    11706.943 -99.0000   22.270    2.807   26.220    0.500    0.660
    CFHTLSD3   52876     8287.092    11871.145 -99.0000   21.770    3.161   25.977    3.304    0.462
    CFHTLSD3   53362     6050.893    11937.411 -99.0000   23.220    1.792   26.195    1.260    0.330
    CFHTLSD3   54155     5694.646    12131.998 -99.0000   22.660    1.586   25.370    2.209    0.643
    CFHTLSD3   54460     6069.664    12188.617 -99.0000   22.720    2.340   26.274    2.603    0.330
    CFHTLSD3   55024     2196.173    12307.990 -99.0000   22.510    2.830   26.477    2.111    0.362
    CFHTLSD3   55117    11313.001    12341.112 -99.0000   23.000    1.575   25.695    0.500    0.736
    CFHTLSD3   55124    18694.615    12329.375 -99.0000   23.110    1.643   25.897    2.392    0.409
    CFHTLSD3   55366    13752.469    12388.262 -99.0000   22.670    1.997   25.880    1.793    0.561
    CFHTLSD3   55615    18043.881    12466.554 -99.0000   22.060    1.700   24.921    2.047    0.448
    CFHTLSD3   56467    12972.842    12636.492 -99.0000   22.920    1.586   25.630    1.097    0.249
    CFHTLSD3   56693    17449.092    12740.457 -99.0000   22.010    1.666   24.827    1.324    0.519
    CFHTLSD3   56730     3921.974    12719.713 -99.0000   21.910    1.883   24.992    3.501    0.390
    CFHTLSD3   57156      874.498    12819.109 -99.0000   21.820    1.621   24.576    0.678    0.396
    CFHTLSD3   57732    17741.766    12911.648 -99.0000   23.130    1.963   26.303    2.527    0.416
    CFHTLSD3   57883     3768.653    12991.223 -99.0000   22.070    1.700   24.931    0.837    0.928
    CFHTLSD3   59530    14676.125    13331.620 -99.0000   22.560    2.100   25.879    2.466    0.337
    CFHTLSD3   60937    10411.239    13622.649 -99.0000   22.930    1.586   25.640    1.669    0.548
    CFHTLSD3   61085    17698.262    13671.689 -99.0000   21.990    1.860   25.046    1.322    0.638
    CFHTLSD3   63118    18083.477    14067.748 -99.0000   22.400    2.910   26.428    2.039    1.110
    CFHTLSD3   63133    11171.974    14088.013 -99.0000   22.410    1.746   25.329    1.237    0.263
    CFHTLSD3   63509     3965.849    14144.312 -99.0000   23.230    1.723   26.120    0.500    0.376
    CFHTLSD3   63631    16096.983    14274.686 -99.0000   19.180    5.900   24.742    2.697    1.134
    CFHTLSD3   64407     9100.931    14330.793 -99.0000   23.500    1.655   26.302    2.755    0.295
    CFHTLSD3   64632    10994.155    14393.236 -99.0000   22.710    1.894   25.806    1.574    0.620
    CFHTLSD3   64698    14646.530    14440.062 -99.0000   21.290    2.100   24.609    2.623    0.928
    CFHTLSD3   64945    15239.274    14452.386 -99.0000   23.050    1.837   26.079    1.602    0.354
    CFHTLSD3   65833    13113.023    14683.847 -99.0000   21.180    1.746   24.098    0.899    0.575
    CFHTLSD3   65908    16840.500    14657.357 -99.0000   22.520    1.632   25.292    3.627    0.570
    CFHTLSD3   66353    13496.302    14769.520 -99.0000   21.660    1.769   24.607    0.837    0.198
    CFHTLSD3   66380     6310.292    14746.601 -99.0000   22.930    2.248   26.397    1.702    0.071
    CFHTLSD3   66558    11946.883    14774.313 -99.0000   22.590    1.929   25.725    1.777    0.290
    CFHTLSD3   67774    14161.324    15044.806 -99.0000   22.350    1.506   24.948    1.654    0.593
    CFHTLSD3   67980     9740.685    15097.321 -99.0000   22.420    1.666   25.237    1.980    0.683
    CFHTLSD3   68733    17431.184    15243.029 -99.0000   22.340    1.837   25.369    1.644    0.458
    CFHTLSD3   69436     5171.030    15400.375 -99.0000   21.530    1.689   24.376    3.667    0.830
    CFHTLSD3   69886    15153.328    15470.268 -99.0000   22.790    2.328   26.333    3.487    1.275
    CFHTLSD3   70348    14637.639    15566.807 -99.0000   23.270    1.700   26.131    0.885    0.082
    CFHTLSD3   70366     3200.994    15602.579 -99.0000   22.020    1.598   24.746    1.560    0.788
    CFHTLSD3   71661     3031.998    15885.196 -99.0000   21.420    1.552   24.083    1.115    0.301
    CFHTLSD3   72211     6323.947    15992.769 -99.0000   22.330    1.506   24.928    2.120    1.125
    CFHTLSD3   72340    13332.214    15969.634 -99.0000   23.420    1.564   26.099    3.591    2.742
    CFHTLSD3   72491    13898.041    16088.606 -99.0000   21.370    1.678   24.202    1.866    0.812
    CFHTLSD3   73116     7193.009    16170.828 -99.0000   21.740    1.780   24.701    2.332    0.972
    CFHTLSD3   73497     3184.968    16394.785 -99.0000   20.040    3.641   24.554    3.064    0.249
    CFHTLSD3   74766    13866.741    16589.053 -99.0000   21.090    1.792   24.065    0.500    0.690
    CFHTLSD3   74814     2165.232    16481.527 -99.0000   23.180    1.735   26.084    1.453    0.571
    CFHTLSD3   77490     9024.254    17120.988 -99.0000   21.410    1.655   24.212    2.343    1.209
    CFHTLSD3   77593     4864.574    17063.115 -99.0000   22.930    1.906   26.039    1.790    0.485
    CFHTLSD3   77767     4181.517    17100.900 -99.0000   22.960    1.746   25.879    0.885    1.873
    CFHTLSD3   77898     5889.593    17169.109 -99.0000   21.360    1.586   24.070    0.740    0.401
    CFHTLSD3   77929     5495.103    17142.898 -99.0000   22.700    1.575   25.394    1.674    0.422
    CFHTLSD3   79349     7940.952    17419.400 -99.0000   22.580    1.529   25.211    0.858    0.342
    CFHTLSD3   80508    12942.457    17610.566 -99.0000   22.880    1.849   25.923    0.672    0.113
    CFHTLSD3   80589    19368.787    17639.332 -99.0000   22.700    1.529   25.331    3.412    1.534
    CFHTLSD3   80819    10443.670    17707.332 -99.0000   21.510    1.917   24.632    1.165    0.566
    CFHTLSD3   81250    16163.993    17775.336 -99.0000   22.190    1.746   25.109    2.858    0.198
    CFHTLSD3   81628     4613.208    17892.104 -99.0000   21.600    1.746   24.518    0.862    0.241
    CFHTLSD3   82095    11377.162    17941.912 -99.0000   22.530    1.552   25.193    3.228    0.313
    CFHTLSD3   82119    13866.192    17947.223 -99.0000   22.330    1.860   25.386    2.327    0.797
    CFHTLSD3   82403    11146.953    17984.846 -99.0000   23.100    1.997   26.310    3.005    0.429
    CFHTLSD3   82740    17811.188    18086.850 -99.0000   21.650    3.070   25.794    2.985    0.655
    CFHTLSD3   83226     1928.198    18247.395 -99.0000   20.970    2.305   24.492    0.773    0.262
    CFHTLSD3   83602     5323.758    18247.539 -99.0000   21.780    1.952   24.940    2.983    0.312
    CFHTLSD3   84032    10590.150    18348.854 -99.0000   21.950    1.564   24.629    0.765    0.509
    CFHTLSD3   84765     2464.173    18494.221 -99.0000   21.940    1.837   24.969    0.960    0.845
    CFHTLSD3   85351     6228.131    18583.816 -99.0000   22.710    1.552   25.373    2.076    0.226
    CFHTLSD3   85946    12917.084    18700.516 -99.0000   21.770    3.972   26.473    0.859    1.340
    CFHTLSD3   86110    12392.876    18754.100 -99.0000   21.730    1.541   24.377    0.500    0.574
    CFHTLSD3   86317     5573.608    18779.832 -99.0000   21.520    2.031   24.767    3.704    1.742
    CFHTLSD3   86722    19040.062    18856.752 -99.0000   21.510    1.826   24.526    2.486    0.962
    CFHTLSD3   87326    16253.449    20167.285 -99.0000   22.630    2.271   26.119    1.920    1.286
    CFHTLSD3   87526     9888.180    20494.012 -99.0000   21.230    1.723   24.120    0.543    0.260
    CFHTLSD3   87646    19523.182    20578.527 -99.0000   22.700    2.237   26.156    3.341    0.662
    CFHTLSD3   87974    15482.629    20461.359 -99.0000   21.370    3.001   25.465    2.932    0.850
    CFHTLSD3   88774     2979.117    20363.338 -99.0000   23.100    1.609   25.841    2.728    0.505
    CFHTLSD3   88961     9723.878    20249.703 -99.0000   22.160    1.529   24.791    0.627    0.560
    CFHTLSD3   90704    15263.825    19904.967 -99.0000   21.340    2.830   25.307    3.183    0.432
    CFHTLSD3   91196     2326.167    19832.473 -99.0000   22.580    2.009   25.803    3.183    0.582
    CFHTLSD3   91323     1842.179    19836.967 -99.0000   22.180    2.020   25.415    2.176    0.645
    CFHTLSD3   91633    19114.637    19604.832 -99.0000   22.130    2.522   25.847    2.947    1.210
    CFHTLSD3   92066    11614.007    19958.879 -99.0000   22.280    2.385   25.876    3.024    0.430
    CFHTLSD3   92120    10627.407    19572.852 -99.0000   22.130    2.613   25.924    3.286    0.563
    CFHTLSD3   92786     7855.678    19446.674 -99.0000   22.770    2.225   26.215    1.042    0.591
    CFHTLSD3   93865     5743.941    19306.816 -99.0000   23.290    1.575   25.985    2.148    0.345
    CFHTLSD3   94004    17269.322    19140.480 -99.0000   23.040    1.735   25.944    0.500    0.147
    CFHTLSD3   94790    11634.877    19012.553 -99.0000   21.390    1.609   24.131    2.663    1.383
    CFHTLSD3   95011     1162.232    18984.129 -99.0000   21.760    1.917   24.882    0.500    0.600
    CFHTLSD3   95309     2215.659    20472.127 -99.0000   21.620    1.621   24.376    1.001    1.605
    CFHTLSD3   95945    19199.561    19341.471 -99.0000   21.250    3.675   25.784    3.565    1.676
    CFHTLSD4    3812     2722.711     1653.620 -99.0000   20.790    2.351   24.354    1.813    1.639
    CFHTLSD4    4275    18783.662     1707.468 -99.0000   21.900    2.579   25.666    2.827    0.402
    CFHTLSD4    4747    12602.447     1838.451 -99.0000   21.640    1.529   24.271    0.776    0.482
    CFHTLSD4    5621    11106.528     1983.881 -99.0000   22.560    1.529   25.191    1.351    0.282
    CFHTLSD4    7166     5165.256     2396.705 -99.0000   21.460    1.506   24.058    0.764    0.485
    CFHTLSD4    9386    12475.112     2805.000 -99.0000   23.420    1.700   26.281    2.176    0.293
    CFHTLSD4   10312    13824.107     3012.416 -99.0000   22.480    1.632   25.252    1.681    0.140
    CFHTLSD4   10357    10428.598     3015.876 -99.0000   22.590    1.974   25.775    3.627    0.626
    CFHTLSD4   11469    16312.985     3286.372 -99.0000   20.890    1.986   24.088    2.681    1.097
    CFHTLSD4   11797    12964.325     3306.142 -99.0000   22.730    1.758   25.663    1.241    0.593
    CFHTLSD4   12621    18170.846     3482.642 -99.0000   22.660    1.541   25.307    1.269    0.439
    CFHTLSD4   12918     5759.344     3578.744 -99.0000   21.140    1.780   24.101    3.710    1.636
    CFHTLSD4   13017    15912.500     3581.445 -99.0000   21.740    1.678   24.572    2.168    0.791
    CFHTLSD4   13160    14163.157     3637.735 -99.0000   21.310    1.906   24.419    0.508    0.245
    CFHTLSD4   13717     3926.697     3778.891 -99.0000   20.780    3.047   24.908    0.850    0.394
    CFHTLSD4   14642    17463.420     3944.117 -99.0000   21.040    2.374   24.625    1.679    0.618
    CFHTLSD4   14949     1105.120     3960.555 -99.0000   22.350    1.974   25.535    1.243   99.000
    CFHTLSD4   15259    17173.852     4019.684 -99.0000   22.460    1.780   25.421    2.132    0.714
    CFHTLSD4   15844    12067.411     4162.073 -99.0000   22.330    1.769   25.277    1.627    0.307
    CFHTLSD4   16074     5769.675     4196.097 -99.0000   22.450    1.643   25.237    3.527    0.303
    CFHTLSD4   16545     7104.923     4312.235 -99.0000   21.430    1.700   24.291    0.500    0.515
    CFHTLSD4   16672    12129.800     4284.924 -99.0000   23.130    1.849   26.173    1.768    0.363
    CFHTLSD4   17074    16662.971     4419.550 -99.0000   21.290    1.826   24.306    1.343    0.642
    CFHTLSD4   17326    13592.584     4438.411 -99.0000   22.480    2.419   26.107    2.973    1.046
    CFHTLSD4   17806     4493.411     4619.008 -99.0000   19.940    3.298   24.239    1.625    0.297
    CFHTLSD4   18446    19229.473     4663.142 -99.0000   22.470    1.643   25.257    1.621    0.389
    CFHTLSD4   18697    17351.564     4773.812 -99.0000   22.100    1.598   24.826    0.778    0.475
    CFHTLSD4   19549    17365.809     4921.547 -99.0000   21.380    1.700   24.241    1.123    0.630
    CFHTLSD4   19705     1374.471     4895.295 -99.0000   23.190    1.860   26.246    1.998    0.523
    CFHTLSD4   20129     5641.981     5037.743 -99.0000   21.450    1.689   24.296    1.687    0.564
    CFHTLSD4   20705    11446.044     5100.258 -99.0000   22.480    2.123   25.823    1.576    0.608
    CFHTLSD4   20908     5290.985     5146.767 -99.0000   22.730    1.758   25.663    1.261    0.583
    CFHTLSD4   21270     1851.104     5257.646 -99.0000   22.190    1.552   24.853    0.500    0.731
    CFHTLSD4   21826     5219.639     5381.709 -99.0000   21.620    1.552   24.283    0.905    0.918
    CFHTLSD4   23359    17145.709     5664.385 -99.0000   22.100    2.180   25.500    3.670    0.538
    CFHTLSD4   23466     1208.636     5672.942 -99.0000   23.250    1.621   26.007    3.820    0.312
    CFHTLSD4   23662    19208.416     5719.461 -99.0000   22.970    2.180   26.370    2.354    0.431
    CFHTLSD4   23794    15535.345     5748.409 -99.0000   23.140    1.564   25.819    2.558    0.496
    CFHTLSD4   24851     2168.529     6041.944 -99.0000   21.520    1.917   24.642    0.834   99.000
    CFHTLSD4   25997     6926.913     6243.409 -99.0000   22.660    2.488   26.347    0.834    0.475
    CFHTLSD4   26599     4508.494     6416.829 -99.0000   22.390    1.746   25.309    2.873    1.260
    CFHTLSD4   26847     7670.532     6447.125 -99.0000   22.620    2.522   26.337    3.853    0.583
    CFHTLSD4   27093     1540.012     6543.426 -99.0000   21.930    1.837   24.959    0.500    0.750
    CFHTLSD4   27807    17468.648     6661.690 -99.0000   22.410    2.785   26.342    3.011    0.148
    CFHTLSD4   27859    18411.855     6700.460 -99.0000   22.310    1.883   25.392    0.532    0.519
    CFHTLSD4   27860    19338.188     6662.320 -99.0000   22.650    1.792   25.625    1.005    0.708
    CFHTLSD4   27997    18418.062     6689.537 -99.0000   21.740    3.914   26.412    1.670    0.456
    CFHTLSD4   28917     6296.621     6881.418 -99.0000   22.940    1.575   25.634    2.782    0.369
    CFHTLSD4   29601    13358.449     7026.622 -99.0000   23.330    1.529   25.961    1.529    1.877
    CFHTLSD4   29702    16951.570     7060.540 -99.0000   22.010    2.214   25.444    3.560    0.679
    CFHTLSD4   29995    15035.660     7128.680 -99.0000   22.220    1.575   24.914    0.893    0.454
    CFHTLSD4   30578    14446.847     7305.222 -99.0000   20.760    2.648   24.582    1.589    0.361
    CFHTLSD4   31477    16974.975     7420.486 -99.0000   22.860    1.735   25.764    2.267    0.222
    CFHTLSD4   32667    17042.750     7669.257 -99.0000   21.940    2.271   25.429    2.564    1.001
    CFHTLSD4   33598     8841.211     7886.937 -99.0000   21.410    1.689   24.256    0.942    0.274
    CFHTLSD4   33868    15228.152     7900.170 -99.0000   22.940    1.678   25.772    0.977    0.254
    CFHTLSD4   34185    12294.434     8039.581 -99.0000   21.730    1.894   24.826    1.113    0.615
    CFHTLSD4   34405     7112.889     8024.167 -99.0000   22.590    1.529   25.221    3.051    0.518
    CFHTLSD4   35027     8694.317     8240.017 -99.0000   20.270    3.059   24.406    0.771    0.258
    CFHTLSD4   35110     9211.294     8219.978 -99.0000   21.150    1.769   24.097    1.920    0.702
    CFHTLSD4   35637     2636.354     8339.422 -99.0000   21.330    2.340   24.884    0.500    0.279
    CFHTLSD4   36135     7717.579     8394.861 -99.0000   22.350    1.849   25.393    2.819    1.550
    CFHTLSD4   36371     2276.793     8425.453 -99.0000   23.310    1.723   26.200    1.623    0.293
    CFHTLSD4   36654    18887.133     8480.604 -99.0000   23.110    1.689   25.956    0.887    0.364
    CFHTLSD4   37708     1749.625     8706.603 -99.0000   23.260    1.552   25.923    2.127    0.453
    CFHTLSD4   38583     2929.093     8882.646 -99.0000   22.460    2.853   26.445    2.816    0.302
    CFHTLSD4   38977    14758.017     8954.840 -99.0000   22.450    1.963   25.623    3.229   99.000
    CFHTLSD4   40374    15829.054     9265.349 -99.0000   22.790    1.700   25.651    1.428    0.129
    CFHTLSD4   41566    10250.564     9494.699 -99.0000   23.020    1.780   25.981    3.051    0.127
    CFHTLSD4   41718    11074.301     9680.694 -99.0000   18.670    5.432   24.053    1.763    0.360
    CFHTLSD4   42441     6535.049     9675.736 -99.0000   21.910    3.127   26.094    2.834   99.000
    CFHTLSD4   42675     6982.421     9735.435 -99.0000   22.370    1.712   25.246    1.003    0.393
    CFHTLSD4   42732     2181.197     9747.851 -99.0000   22.270    1.529   24.901    1.159    0.424
    CFHTLSD4   42815     5081.068     9803.235 -99.0000   20.650    2.591   24.425    0.500    0.123
    CFHTLSD4   42858    15587.146     9745.932 -99.0000   22.910    1.735   25.814    0.500   99.000
    CFHTLSD4   43113    11193.404     9866.947 -99.0000   21.600    1.586   24.310    0.959    0.573
    CFHTLSD4   43271    17983.586     9855.781 -99.0000   21.910    1.529   24.541    3.355    0.160
    CFHTLSD4   43334     6696.463     9837.464 -99.0000   22.460    2.807   26.410    2.763    0.640
    CFHTLSD4   43345     4614.885     9881.205 -99.0000   21.590    1.632   24.362    0.621    0.397
    CFHTLSD4   43507    19304.404     9923.785 -99.0000   20.860    2.328   24.403    2.660    0.389
    CFHTLSD4   43646     1753.955     9895.016 -99.0000   23.120    1.609   25.861    0.532    0.207
    CFHTLSD4   43918    16247.552     9976.625 -99.0000   21.560    1.643   24.347    1.993    1.562
    CFHTLSD4   45350     6257.971    10325.877 -99.0000   21.370    1.678   24.202    0.680    0.222
    CFHTLSD4   45960     5854.833    10358.665 -99.0000   23.220    1.632   25.992    1.246    0.680
    CFHTLSD4   48009    10597.096    10823.687 -99.0000   22.710    1.837   25.739    1.683    0.109
    CFHTLSD4   48015     7047.844    10842.026 -99.0000   22.400    1.894   25.496    2.843    0.094
    CFHTLSD4   48086     7890.460    10850.006 -99.0000   22.640    1.586   25.350    1.184    0.515
    CFHTLSD4   49446     7490.397    11140.854 -99.0000   21.910    1.906   25.019    3.800    0.414
    CFHTLSD4   49857     2527.579    11292.864 -99.0000   21.110    1.803   24.098    0.675    0.113
    CFHTLSD4   49924    16605.742    11292.204 -99.0000   20.280    2.944   24.333    2.263    0.661
    CFHTLSD4   49967     2353.112    11249.472 -99.0000   22.220    1.643   25.007    2.096    0.700
    CFHTLSD4   50422     9423.591    11322.309 -99.0000   22.450    1.997   25.660    2.343    1.237
    CFHTLSD4   50717    16817.734    11390.501 -99.0000   22.880    1.758   25.813    1.766    0.638
    CFHTLSD4   52754     6278.281    11869.609 -99.0000   22.330    1.575   25.024    0.899    0.406
    CFHTLSD4   53427    10065.013    12012.504 -99.0000   21.900    1.917   25.022    2.310    0.540
    CFHTLSD4   53729     2081.996    12017.735 -99.0000   22.290    3.013   26.393    1.067    1.012
    CFHTLSD4   54714     4746.638    12294.523 -99.0000   22.530    1.746   25.449    0.619    0.918
    CFHTLSD4   54748    14838.172    12269.319 -99.0000   22.420    1.575   25.114    1.161    0.442
    CFHTLSD4   55690     6798.391    12490.549 -99.0000   21.090    2.191   24.502    2.840    0.911
    CFHTLSD4   56889    15680.248    12763.608 -99.0000   21.720    2.579   25.486    1.099   -0.008
    CFHTLSD4   58688     9434.420    13115.502 -99.0000   22.530    2.225   25.975    3.317    0.860
    CFHTLSD4   58712     8678.822    13155.895 -99.0000   21.470    1.643   24.257    1.394    0.696
    CFHTLSD4   59338    13220.500    13261.863 -99.0000   22.660    1.541   25.307    0.500    0.333
    CFHTLSD4   60011     1818.762    13399.523 -99.0000   21.870    2.477   25.547    2.314    0.387
    CFHTLSD4   60955      851.286    13616.938 -99.0000   21.530    1.769   24.477    2.088   99.000
    CFHTLSD4   62608    14662.975    13945.937 -99.0000   22.530    1.997   25.740    1.105    0.952
    CFHTLSD4   63158    16328.481    14038.213 -99.0000   22.940    1.792   25.915    1.559    1.135
    CFHTLSD4   63243    12356.618    14095.293 -99.0000   21.700    1.518   24.314    0.500    0.421
    CFHTLSD4   65043     2447.819    14421.842 -99.0000   23.310    1.632   26.082    0.500   -0.048
    CFHTLSD4   65478     2724.937    14519.358 -99.0000   22.940    1.518   25.554    1.340    0.788
    CFHTLSD4   67840     5507.084    15029.949 -99.0000   22.450    2.899   26.469    3.913    0.228
    CFHTLSD4   68075    13502.564    15105.703 -99.0000   21.670    1.506   24.268    0.888    0.237
    CFHTLSD4   68650    18270.887    15214.343 -99.0000   22.470    2.511   26.177    2.113    0.142
    CFHTLSD4   69244    16700.664    15316.938 -99.0000   23.070    2.123   26.413    2.282    0.270
    CFHTLSD4   69366     3882.197    15367.536 -99.0000   22.640    1.700   25.501    3.690    0.676
    CFHTLSD4   70564    19208.047    15633.076 -99.0000   22.390    1.860   25.446    0.802    0.533
    CFHTLSD4   70570     4304.542    15637.730 -99.0000   20.670    2.522   24.387    2.596    0.658
    CFHTLSD4   71059     5212.495    15694.258 -99.0000   22.920    2.077   26.215    1.966    0.163
    CFHTLSD4   71648    18335.197    15858.455 -99.0000   22.050    1.678   24.882    0.500    0.662
    CFHTLSD4   73995     3038.994    16292.222 -99.0000   23.170    1.643   25.957    1.191    0.474
    CFHTLSD4   74309     2906.001    16378.516 -99.0000   21.480    1.518   24.094    1.996    0.560
    CFHTLSD4   75565     3268.519    16640.387 -99.0000   22.550    1.552   25.213    0.500    0.458
    CFHTLSD4   75781    15269.743    16628.559 -99.0000   22.980    1.974   26.165    0.946    0.170
    CFHTLSD4   76410     5911.744    16760.301 -99.0000   22.390    1.666   25.207    2.920    0.471
    CFHTLSD4   76427     1363.473    16789.203 -99.0000   21.780    1.529   24.411    0.680    0.771
    CFHTLSD4   77589     2523.569    17023.066 -99.0000   21.040    2.134   24.394    0.626    0.521
    CFHTLSD4   78542    17732.463    17193.994 -99.0000   21.720    1.792   24.695    0.541    0.913
    CFHTLSD4   78971     7762.844    17248.922 -99.0000   22.840    1.906   25.949    0.809    0.847
    CFHTLSD4   79084    14263.207    17326.164 -99.0000   21.500    1.529   24.131    0.500    0.494
    CFHTLSD4   79481     7415.390    17368.346 -99.0000   21.760    2.385   25.356    1.647    0.535
    CFHTLSD4   79872    11685.997    17471.037 -99.0000   22.440    1.837   25.469    1.583    0.679
    CFHTLSD4   80244     3054.594    17547.963 -99.0000   21.300    1.655   24.102    1.433    0.787
    CFHTLSD4   80593    10785.166    17609.373 -99.0000   20.640    2.750   24.545    2.105    0.937
    CFHTLSD4   81530     8471.377    17769.008 -99.0000   22.860    2.077   26.155    3.920    0.689
    CFHTLSD4   81616     4295.198    17777.049 -99.0000   22.840    1.929   25.975    0.500   -0.130
    CFHTLSD4   82196    15114.239    17895.670 -99.0000   23.040    1.564   25.719    3.589    0.296
    CFHTLSD4   82897     8306.322    18066.416 -99.0000   21.930    2.865   25.923    3.000    0.311
    CFHTLSD4   83478     8514.596    18165.320 -99.0000   22.990    1.598   25.716    0.955    0.106
    CFHTLSD4   83530     7223.712    18171.879 -99.0000   22.870    2.237   26.326    3.236    0.321
    CFHTLSD4   84230    13572.619    18320.787 -99.0000   23.280    1.621   26.037    1.976    0.810
    CFHTLSD4   84262    14720.782    18340.844 -99.0000   22.640    2.237   26.096    3.312    1.085
    CFHTLSD4   85286     4799.472    18587.039 -99.0000   22.110    1.541   24.757    1.306    0.555
    CFHTLSD4   85803     8079.634    18687.619 -99.0000   23.070    1.940   26.217    0.500    0.962
    CFHTLSD4   86097     7902.496    18731.008 -99.0000   22.940    1.575   25.634    1.758    0.181
    CFHTLSD4   86206     5660.615    18791.980 -99.0000   21.870    1.552   24.533    0.855    0.733
    CFHTLSD4   88143     8861.576    20199.826 -99.0000   21.520    1.986   24.718    1.097    0.383
    CFHTLSD4   88652     2042.076    20159.176 -99.0000   22.760    1.621   25.517    0.500    0.753
    CFHTLSD4   91199    15668.503    19639.447 -99.0000   20.440    2.887   24.451    1.857    0.428
    CFHTLSD4   92066    11227.459    19388.332 -99.0000   23.130    1.506   25.728    1.736   -0.004
    CFHTLSD4   92179     6236.320    19470.111 -99.0000   21.110    1.860   24.166    1.022    0.366
    CFHTLSD4   92716     4874.515    19450.006 -99.0000   23.480    1.712   26.356    3.726    0.355
    CFHTLSD4   92784    18821.814    19029.111 -99.0000   22.650    2.020   25.885    2.171    0.443
    CFHTLSD4   92838     8831.047    19249.049 -99.0000   21.980    1.735   24.884    2.087    0.507
    CFHTLSD4   93249    15716.070    19194.510 -99.0000   21.800    3.344   26.129    3.183   99.000
    CFHTLSD4   93615     4779.939    19088.227 -99.0000   23.430    1.712   26.306    2.161    0.103
    CFHTLSD4   93714     5093.968    19121.971 -99.0000   21.990    1.803   24.978    1.097    0.359
    CFHTLSD4   94312    10972.238    18973.625 -99.0000   21.760    1.746   24.679    0.912    1.527
    CFHTLSD4   94508    16378.978    20122.787 -99.0000   22.440    2.054   25.711    0.782    0.504
